   83 Energy = 0   RF01786_CP000359.1_298588-298670
   1 U 0 2 0 1
   2 U 1 3 83 2
   3 C 2 4 82 3
   4 U 3 5 81 4
   5 U 4 6 80 5
   6 G 5 7 79 6
   7 U 6 8 78 7
   8 U 7 9 77 8
   9 C 8 10 75 9
  10 C 9 11 0 10
  11 G 10 12 74 11
  12 G 11 13 0 12
  13 G 12 14 59 13
  14 G 13 15 58 14
  15 C 14 16 57 15
  16 G 15 17 0 16
  17 A 16 18 0 17
  18 A 17 19 0 18
  19 G 18 20 0 19
  20 A 19 21 0 20
  21 G 20 22 0 21
  22 G 21 23 53 22
  23 C 22 24 52 23
  24 G 23 25 51 24
  25 U 24 26 50 25
  26 G 25 27 49 26
  27 U 26 28 48 27
  28 G 27 29 47 28
  29 G 28 30 46 29
  30 U 29 31 0 30
  31 G 30 32 0 31
  32 U 31 33 0 32
  33 A 32 34 0 33
  34 U 33 35 0 34
  35 C 34 36 0 35
  36 C 35 37 0 36
  37 G 36 38 71 37
  38 G 37 39 70 38
  39 G 38 40 67 39
  40 C 39 41 66 40
  41 A 40 42 65 41
  42 C 41 43 64 42
  43 C 42 44 63 43
  44 U 43 45 0 44
  45 G 44 46 0 45
  46 C 45 47 29 46
  47 C 46 48 28 47
  48 A 47 49 27 48
  49 C 48 50 26 49
  50 A 49 51 25 50
  51 C 50 52 24 51
  52 G 51 53 23 52
  53 C 52 54 22 53
  54 G 53 55 0 54
  55 G 54 56 0 55
  56 A 55 57 0 56
  57 G 56 58 15 57
  58 C 57 59 14 58
  59 C 58 60 13 59
  60 A 59 61 0 60
  61 G 60 62 0 61
  62 U 61 63 0 62
  63 G 62 64 43 63
  64 G 63 65 42 64
  65 U 64 66 41 65
  66 G 65 67 40 66
  67 C 66 68 39 67
  68 G 67 69 0 68
  69 A 68 70 0 69
  70 C 69 71 38 70
  71 C 70 72 37 71
  72 G 71 73 0 72
  73 A 72 74 0 73
  74 C 73 75 11 74
  75 G 74 76 9 75
  76 A 75 77 0 76
  77 A 76 78 8 77
  78 C 77 79 7 78
  79 C 78 80 6 79
  80 G 79 81 5 80
  81 U 80 82 4 81
  82 G 81 83 3 82
  83 A 82 84 2 83