   85 Energy = 0   RF01786_CP001720.1_3973350-3973434
   1 G 0 2 0 1
   2 A 1 3 84 2
   3 G 2 4 83 3
   4 U 3 5 82 4
   5 U 4 6 81 5
   6 U 5 7 80 6
   7 C 6 8 79 7
   8 U 7 9 78 8
   9 U 8 10 77 9
  10 G 9 11 76 10
  11 G 10 12 75 11
  12 G 11 13 0 12
  13 A 12 14 60 13
  14 A 13 15 59 14
  15 C 14 16 58 15
  16 U 15 17 0 16
  17 A 16 18 0 17
  18 U 17 19 0 18
  19 G 18 20 0 19
  20 A 19 21 0 20
  21 C 20 22 0 21
  22 A 21 23 54 22
  23 U 22 24 53 23
  24 C 23 25 52 24
  25 A 24 26 51 25
  26 A 25 27 50 26
  27 C 26 28 49 27
  28 U 27 29 48 28
  29 C 28 30 47 29
  30 U 29 31 0 30
  31 U 30 32 0 31
  32 U 31 33 0 32
  33 A 32 34 0 33
  34 U 33 35 0 34
  35 C 34 36 0 35
  36 U 35 37 0 36
  37 G 36 38 72 37
  38 G 37 39 71 38
  39 G 38 40 68 39
  40 C 39 41 67 40
  41 A 40 42 66 41
  42 U 41 43 65 42
  43 C 42 44 64 43
  44 U 43 45 0 44
  45 U 44 46 0 45
  46 A 45 47 0 46
  47 G 46 48 29 47
  48 A 47 49 28 48
  49 G 48 50 27 49
  50 U 49 51 26 50
  51 U 50 52 25 51
  52 G 51 53 24 52
  53 A 52 54 23 53
  54 U 53 55 22 54
  55 U 54 56 0 55
  56 G 55 57 0 56
  57 A 56 58 0 57
  58 G 57 59 15 58
  59 U 58 60 14 59
  60 U 59 61 13 60
  61 A 60 62 0 61
  62 G 61 63 0 62
  63 U 62 64 0 63
  64 G 63 65 43 64
  65 A 64 66 42 65
  66 U 65 67 41 66
  67 G 66 68 40 67
  68 C 67 69 39 68
  69 A 68 70 0 69
  70 A 69 71 0 70
  71 C 70 72 38 71
  72 C 71 73 37 72
  73 G 72 74 0 73
  74 A 73 75 0 74
  75 C 74 76 11 75
  76 C 75 77 10 76
  77 U 76 78 9 77
  78 U 77 79 8 78
  79 G 78 80 7 79
  80 A 79 81 6 80
  81 A 80 82 5 81
  82 G 81 83 4 82
  83 A 82 84 3 83
  84 A 83 85 2 84
  85 A 84 86 0 85