   95 Energy = 0   RF01761_AACY022874153.1_651-557
   1 C 0 2 0 1
   2 A 1 3 0 2
   3 C 2 4 0 3
   4 G 3 5 0 4
   5 U 4 6 0 5
   6 C 5 7 0 6
   7 U 6 8 0 7
   8 C 7 9 0 8
   9 G 8 10 0 9
  10 G 9 11 29 10
  11 G 10 12 28 11
  12 A 11 13 26 12
  13 C 12 14 0 13
  14 G 13 15 25 14
  15 A 14 16 24 15
  16 C 15 17 0 16
  17 G 16 18 0 17
  18 C 17 19 0 18
  19 U 18 20 0 19
  20 A 19 21 0 20
  21 A 20 22 0 21
  22 A 21 23 0 22
  23 C 22 24 0 23
  24 U 23 25 15 24
  25 C 24 26 14 25
  26 G 25 27 12 26
  27 C 26 28 0 27
  28 C 27 29 11 28
  29 C 28 30 10 29
  30 U 29 31 0 30
  31 G 30 32 0 31
  32 G 31 33 0 32
  33 U 32 34 0 33
  34 C 33 35 0 34
  35 G 34 36 0 35
  36 G 35 37 0 36
  37 G 36 38 0 37
  38 A 37 39 0 38
  39 U 38 40 54 39
  40 G 39 41 53 40
  41 G 40 42 52 41
  42 G 41 43 0 42
  43 U 42 44 50 43
  44 U 43 45 49 44
  45 U 44 46 0 45
  46 A 45 47 0 46
  47 A 46 48 0 47
  48 C 47 49 0 48
  49 G 48 50 44 49
  50 A 49 51 43 50
  51 C 50 52 0 51
  52 C 51 53 41 52
  53 C 52 54 40 53
  54 C 53 55 39 54
  55 U 54 56 0 55
  56 C 55 57 0 56
  57 G 56 58 72 57
  58 G 57 59 71 58
  59 G 58 60 70 59
  60 U 59 61 0 60
  61 U 60 62 0 61
  62 U 61 63 0 62
  63 C 62 64 81 63
  64 C 63 65 80 64
  65 U 64 66 79 65
  66 A 65 67 78 66
  67 G 66 68 77 67
  68 U 67 69 76 68
  69 U 68 70 0 69
  70 C 69 71 59 70
  71 C 70 72 58 71
  72 U 71 73 57 72
  73 A 72 74 0 73
  74 A 73 75 0 74
  75 A 74 76 0 75
  76 A 75 77 68 76
  77 C 76 78 67 77
  78 U 77 79 66 78
  79 A 78 80 65 79
  80 G 79 81 64 80
  81 G 80 82 63 81
  82 U 81 83 0 82
  83 G 82 84 0 83
  84 G 83 85 0 84
  85 U 84 86 0 85
  86 G 85 87 0 86
  87 G 86 88 0 87
  88 A 87 89 0 88
  89 G 88 90 0 89
  90 U 89 91 0 90
  91 C 90 92 0 91
  92 A 91 93 0 92
  93 U 92 94 0 93
  94 A 93 95 0 94
  95 U 94 96 0 95