    108 Energy = 0   RF01118_BX293980.2_84380-84273
    1 C 0 2 0 1
    2 U 1 3 102 2
    3 C 2 4 101 3
    4 A 3 5 0 4
    5 A 4 6 0 5
    6 A 5 7 62 6
    7 G 6 8 61 7
    8 G 7 9 60 8
    9 U 8 10 59 9
   10 A 9 11 58 10
   11 U 10 12 57 11
   12 C 11 13 56 12
   13 C 12 14 55 13
   14 U 13 15 40 14
   15 C 14 16 39 15
   16 A 15 17 0 16
   17 G 16 18 35 17
   18 U 17 19 34 18
   19 A 18 20 33 19
   20 U 19 21 32 20
   21 G 20 22 31 21
   22 G 21 23 30 22
   23 U 22 24 0 23
   24 U 23 25 0 24
   25 G 24 26 0 25
   26 G 25 27 0 26
   27 A 26 28 0 27
   28 A 27 29 0 28
   29 A 28 30 0 29
   30 U 29 31 22 30
   31 C 30 32 21 31
   32 A 31 33 20 32
   33 U 32 34 19 33
   34 A 33 35 18 34
   35 C 34 36 17 35
   36 A 35 37 0 36
   37 U 36 38 0 37
   38 A 37 39 0 38
   39 G 38 40 15 39
   40 A 39 41 14 40
   41 G 40 42 0 41
   42 C 41 43 0 42
   43 G 42 44 0 43
   44 C 43 45 0 44
   45 A 44 46 0 45
   46 A 45 47 0 46
   47 A 46 48 0 47
   48 G 47 49 0 48
   49 G 48 50 0 49
   50 U 49 51 0 50
   51 A 50 52 0 51
   52 G 51 53 0 52
   53 A 52 54 0 53
   54 A 53 55 0 54
   55 G 54 56 13 55
   56 G 55 57 12 56
   57 A 56 58 11 57
   58 U 57 59 10 58
   59 G 58 60 9 59
   60 C 59 61 8 60
   61 U 60 62 7 61
   62 U 61 63 6 62
   63 A 62 64 0 63
   64 A 63 65 0 64
   65 C 64 66 0 65
   66 U 65 67 0 66
   67 G 66 68 0 67
   68 C 67 69 0 68
   69 G 68 70 0 69
   70 A 69 71 0 70
   71 G 70 72 0 71
   72 A 71 73 0 72
   73 C 72 74 0 73
   74 U 73 75 0 74
   75 U 74 76 0 75
   76 A 75 77 0 76
   77 C 76 78 0 77
   78 A 77 79 0 78
   79 A 78 80 0 79
   80 G 79 81 0 80
   81 U 80 82 0 81
   82 C 81 83 0 82
   83 G 82 84 0 83
   84 A 83 85 0 84
   85 A 84 86 0 85
   86 C 85 87 0 86
   87 A 86 88 0 87
   88 G 87 89 0 88
   89 A 88 90 0 89
   90 U 89 91 0 90
   91 A 90 92 0 91
   92 C 91 93 0 92
   93 G 92 94 0 93
   94 A 93 95 0 94
   95 A 94 96 0 95
   96 A 95 97 0 96
   97 G 96 98 0 97
   98 U 97 99 0 98
   99 A 98 100 0 99
  100 G 99 101 0 100
  101 G 100 102 3 101
  102 A 101 103 2 102
  103 C 102 104 0 103
  104 U 103 105 0 104
  105 U 104 106 0 105
  106 A 105 107 0 106
  107 G 106 108 0 107
  108 U 107 109 0 108