   1 C 0 2 0 1
   2 U 1 3 0 2
   3 U 2 4 0 3
   4 C 3 5 0 4
   5 C 4 6 0 5
   6 U 5 7 73 6
   7 G 6 8 0 7
   8 U 7 9 0 8
   9 G 8 10 72 9
  10 C 9 11 71 10
  11 A 10 12 68 11
  12 G 11 13 67 12
  13 G 12 14 66 13
  14 U 13 15 65 14
  15 G 14 16 0 15
  16 G 15 17 64 16
  17 G 16 18 63 17
  18 G 17 19 61 18
  19 A 18 20 60 19
  20 U 19 21 59 20
  21 U 20 22 0 21
  22 A 21 23 58 22
  23 G 22 24 57 23
  24 U 23 25 55 24
  25 A 24 26 0 25
  26 G 25 27 54 26
  27 C 26 28 53 27
  28 A 27 29 52 28
  29 A 28 30 51 29
  30 U 29 31 50 30
  31 G 30 32 49 31
  32 C 31 33 48 32
  33 U 32 34 47 33
  34 G 33 35 46 34
  35 U 34 36 0 35
  36 G 35 37 0 36
  37 U 36 38 0 37
  38 A 37 39 0 38
  39 C 38 40 0 39
  40 C 39 41 0 40
  41 A 40 42 0 41
  42 G 41 43 0 42
  43 A 42 44 0 43
  44 A 43 45 0 44
  45 G 44 46 0 45
  46 G 45 47 34 46
  47 U 46 48 33 47
  48 A 47 49 32 48
  49 U 48 50 31 49
  50 U 49 51 30 50
  51 G 50 52 29 51
  52 C 51 53 28 52
  53 A 52 54 27 53
  54 C 53 55 26 54
  55 U 54 56 24 55
  56 U 55 57 0 56
  57 G 56 58 23 57
  58 U 57 59 22 58
  59 C 58 60 20 59
  60 C 59 61 19 60
  61 C 60 62 18 61
  62 G 61 63 0 62
  63 G 62 64 17 63
  64 C 63 65 16 64
  65 C 64 66 14 65
  66 U 65 67 13 66
  67 G 66 68 12 67
  68 U 67 69 11 68
  69 A 68 70 0 69
  70 U 69 71 0 70
  71 A 70 72 10 71
  72 G 71 73 9 72
  73 G 72 74 6 73
  74 A 73 75 0 74
  75 A 74 76 0 75
  76 A 75 77 0 76
  77 A 76 78 0 77