    221 Energy = 0   RF00230_AE017334.2_3964823-3965043
    1 G 0 2 0 1
    2 A 1 3 0 2
    3 A 2 4 0 3
    4 U 3 5 0 4
    5 C 4 6 0 5
    6 G 5 7 0 6
    7 G 6 8 104 7
    8 C 7 9 103 8
    9 G 8 10 0 9
   10 U 9 11 0 10
   11 U 10 12 0 11
   12 G 11 13 0 12
   13 A 12 14 0 13
   14 U 13 15 0 14
   15 A 14 16 99 15
   16 G 15 17 98 16
   17 G 16 18 97 17
   18 A 17 19 96 18
   19 U 18 20 0 19
   20 U 19 21 0 20
   21 U 20 22 0 21
   22 A 21 23 0 22
   23 G 22 24 0 23
   24 U 23 25 0 24
   25 A 24 26 0 25
   26 G 25 27 87 26
   27 U 26 28 86 27
   28 A 27 29 85 28
   29 U 28 30 84 29
   30 U 29 31 83 30
   31 U 30 32 82 31
   32 C 31 33 0 32
   33 G 32 34 0 33
   34 A 33 35 0 34
   35 U 34 36 0 35
   36 U 35 37 0 36
   37 U 36 38 0 37
   38 C 37 39 0 38
   39 U 38 40 76 39
   40 G 39 41 75 40
   41 A 40 42 0 41
   42 U 41 43 74 42
   43 U 42 44 0 43
   44 U 43 45 0 44
   45 C 44 46 0 45
   46 A 45 47 0 46
   47 G 46 48 0 47
   48 A 47 49 0 48
   49 G 48 50 0 49
   50 A 49 51 0 50
   51 G 50 52 73 51
   52 C 51 53 72 52
   53 U 52 54 71 53
   54 G 53 55 70 54
   55 G 54 56 69 55
   56 C 55 57 68 56
   57 G 56 58 0 57
   58 G 57 59 0 58
   59 U 58 60 0 59
   60 C 59 61 0 60
   61 G 60 62 0 61
   62 G 61 63 0 62
   63 U 62 64 0 63
   64 G 63 65 0 64
   65 C 64 66 0 65
   66 G 65 67 0 66
   67 A 66 68 0 67
   68 A 67 69 56 68
   69 C 68 70 55 69
   70 C 69 71 54 70
   71 A 70 72 53 71
   72 G 71 73 52 72
   73 U 72 74 51 73
   74 A 73 75 42 74
   75 C 74 76 40 75
   76 A 75 77 39 76
   77 G 76 78 0 77
   78 A 77 79 0 78
   79 A 78 80 0 79
   80 C 79 81 0 80
   81 G 80 82 0 81
   82 A 81 83 31 82
   83 A 82 84 30 83
   84 U 83 85 29 84
   85 U 84 86 28 85
   86 A 85 87 27 86
   87 U 86 88 26 87
   88 G 87 89 0 88
   89 A 88 90 0 89
   90 A 89 91 0 90
   91 U 90 92 0 91
   92 U 91 93 0 92
   93 A 92 94 0 93
   94 C 93 95 0 94
   95 C 94 96 0 95
   96 C 95 97 18 96
   97 C 96 98 17 97
   98 C 97 99 16 98
   99 U 98 100 15 99
  100 G 99 101 0 100
  101 G 100 102 0 101
  102 A 101 103 0 102
  103 G 102 104 8 103
  104 C 103 105 7 104
  105 U 104 106 0 105
  106 U 105 107 0 106
  107 C 106 108 135 107
  108 U 107 109 134 108
  109 U 108 110 133 109
  110 U 109 111 132 110
  111 U 110 112 131 111
  112 G 111 113 130 112
  113 C 112 114 129 113
  114 G 113 115 0 114
  115 A 114 116 0 115
  116 A 115 117 0 116
  117 A 116 118 0 117
  118 C 117 119 0 118
  119 G 118 120 0 119
  120 U 119 121 0 120
  121 A 120 122 0 121
  122 A 121 123 0 122
  123 G 122 124 0 123
  124 A 123 125 0 124
  125 A 124 126 0 125
  126 G 125 127 0 126
  127 U 126 128 0 127
  128 A 127 129 0 128
  129 G 128 130 113 129
  130 U 129 131 112 130
  131 G 130 132 111 131
  132 A 131 133 110 132
  133 A 132 134 109 133
  134 A 133 135 108 134
  135 G 134 136 107 135
  136 A 135 137 0 136
  137 C 136 138 149 137
  138 G 137 139 148 138
  139 G 138 140 147 139
  140 U 139 141 0 140
  141 U 140 142 0 141
  142 A 141 143 0 142
  143 U 142 144 0 143
  144 A 143 145 0 144
  145 G 144 146 0 145
  146 A 145 147 0 146
  147 C 146 148 139 147
  148 C 147 149 138 148
  149 G 148 150 137 149
  150 U 149 151 0 150
  151 U 150 152 0 151
  152 A 151 153 0 152
  153 U 152 154 0 153
  154 G 153 155 0 154
  155 U 154 156 0 155
  156 C 155 157 0 156
  157 U 156 158 0 157
  158 A 157 159 0 158
  159 A 158 160 0 159
  160 A 159 161 0 160
  161 G 160 162 0 161
  162 A 161 163 0 162
  163 G 162 164 0 163
  164 U 163 165 0 164
  165 G 164 166 0 165
  166 G 165 167 185 166
  167 U 166 168 184 167
  168 G 167 169 183 168
  169 A 168 170 182 169
  170 A 169 171 181 170
  171 A 170 172 180 171
  172 C 171 173 179 172
  173 G 172 174 0 173
  174 A 173 175 0 174
  175 A 174 176 0 175
  176 A 175 177 0 176
  177 C 176 178 0 177
  178 U 177 179 0 178
  179 G 178 180 172 179
  180 U 179 181 171 180
  181 U 180 182 170 181
  182 U 181 183 169 182
  183 C 182 184 168 183
  184 A 183 185 167 184
  185 C 184 186 166 185
  186 A 185 187 0 186
  187 A 186 188 0 187
  188 U 187 189 0 188
  189 U 188 190 0 189
  190 U 189 191 0 190
  191 A 190 192 218 191
  192 G 191 193 217 192
  193 G 192 194 216 193
  194 G 193 195 215 194
  195 U 194 196 0 195
  196 G 195 197 0 196
  197 G 196 198 0 197
  198 U 197 199 0 198
  199 A 198 200 0 199
  200 C 199 201 0 200
  201 C 200 202 0 201
  202 G 201 203 214 202
  203 C 202 204 213 203
  204 G 203 205 212 204
  205 A 204 206 211 205
  206 A 205 207 210 206
  207 A 206 208 0 207
  208 U 207 209 0 208
  209 U 208 210 0 209
  210 U 209 211 206 210
  211 U 210 212 205 211
  212 C 211 213 204 212
  213 G 212 214 203 213
  214 U 213 215 202 214
  215 C 214 216 194 215
  216 C 215 217 193 216
  217 C 216 218 192 217
  218 U 217 219 191 218
  219 G 218 220 0 219
  220 C 219 221 0 220
  221 A 220 222 0 221