    151 Energy = 0   RF01699_BAAV01034327.1_142-292
    1 U 0 2 0 1
    2 G 1 3 150 2
    3 U 2 4 149 3
    4 A 3 5 148 4
    5 A 4 6 147 5
    6 G 5 7 146 6
    7 C 6 8 145 7
    8 A 7 9 0 8
    9 A 8 10 0 9
   10 U 9 11 0 10
   11 G 10 12 0 11
   12 A 11 13 0 12
   13 G 12 14 56 13
   14 C 13 15 55 14
   15 C 14 16 54 15
   16 A 15 17 53 16
   17 U 16 18 52 17
   18 G 17 19 51 18
   19 C 18 20 50 19
   20 A 19 21 49 20
   21 A 20 22 48 21
   22 G 21 23 47 22
   23 C 22 24 46 23
   24 U 23 25 45 24
   25 G 24 26 44 25
   26 A 25 27 43 26
   27 A 26 28 41 27
   28 A 27 29 40 28
   29 U 28 30 0 29
   30 G 29 31 39 30
   31 U 30 32 38 31
   32 G 31 33 37 32
   33 C 32 34 0 33
   34 U 33 35 0 34
   35 U 34 36 0 35
   36 G 35 37 0 36
   37 C 36 38 32 37
   38 A 37 39 31 38
   39 C 38 40 30 39
   40 A 39 41 28 40
   41 G 40 42 27 41
   42 A 41 43 0 42
   43 U 42 44 26 43
   44 U 43 45 25 44
   45 U 44 46 24 45
   46 C 45 47 23 46
   47 A 46 48 22 47
   48 G 47 49 21 48
   49 C 48 50 20 49
   50 U 49 51 19 50
   51 U 50 52 18 51
   52 A 51 53 17 52
   53 U 52 54 16 53
   54 A 53 55 15 54
   55 U 54 56 14 55
   56 G 55 57 13 56
   57 G 56 58 0 57
   58 C 57 59 0 58
   59 G 58 60 0 59
   60 A 59 61 0 60
   61 A 60 62 0 61
   62 U 61 63 0 62
   63 G 62 64 0 63
   64 U 63 65 0 64
   65 C 64 66 0 65
   66 A 65 67 0 66
   67 A 66 68 0 67
   68 U 67 69 108 68
   69 A 68 70 107 69
   70 A 69 71 106 70
   71 U 70 72 105 71
   72 G 71 73 0 72
   73 A 72 74 0 73
   74 A 73 75 104 74
   75 C 74 76 101 75
   76 A 75 77 100 76
   77 A 76 78 99 77
   78 C 77 79 0 78
   79 G 78 80 0 79
   80 A 79 81 0 80
   81 A 80 82 0 81
   82 G 81 83 98 82
   83 G 82 84 92 83
   84 U 83 85 91 84
   85 C 84 86 90 85
   86 G 85 87 0 86
   87 G 86 88 0 87
   88 A 87 89 0 88
   89 G 88 90 0 89
   90 A 89 91 85 90
   91 C 90 92 84 91
   92 C 91 93 83 92
   93 G 92 94 0 93
   94 G 93 95 0 94
   95 G 94 96 0 95
   96 A 95 97 0 96
   97 G 96 98 0 97
   98 U 97 99 82 98
   99 U 98 100 77 99
  100 G 99 101 76 100
  101 U 100 102 75 101
  102 G 101 103 0 102
  103 A 102 104 0 103
  104 A 103 105 74 104
  105 U 104 106 71 105
  106 U 105 107 70 106
  107 A 106 108 69 107
  108 U 107 109 68 108
  109 C 108 110 0 109
  110 A 109 111 143 110
  111 A 110 112 142 111
  112 G 111 113 141 112
  113 G 112 114 140 113
  114 C 113 115 139 114
  115 U 114 116 138 115
  116 C 115 117 137 116
  117 G 116 118 0 117
  118 G 117 119 0 118
  119 G 118 120 0 119
  120 A 119 121 0 120
  121 G 120 122 133 121
  122 U 121 123 132 122
  123 A 122 124 131 123
  124 G 123 125 130 124
  125 C 124 126 0 125
  126 G 125 127 0 126
  127 A 126 128 0 127
  128 A 127 129 0 128
  129 G 128 130 0 129
  130 C 129 131 124 130
  131 U 130 132 123 131
  132 A 131 133 122 132
  133 C 132 134 121 133
  134 G 133 135 0 134
  135 G 134 136 0 135
  136 A 135 137 0 136
  137 G 136 138 116 137
  138 A 137 139 115 138
  139 G 138 140 114 139
  140 A 139 141 113 140
  141 C 140 142 112 141
  142 U 141 143 111 142
  143 U 142 144 110 143
  144 G 143 145 0 144
  145 G 144 146 7 145
  146 C 145 147 6 146
  147 U 146 148 5 147
  148 U 147 149 4 148
  149 A 148 150 3 149
  150 C 149 151 2 150
  151 A 150 152 0 151