    197 Energy = 0   RF00013_BA000034.2_1725130-1725326
    1 A 0 2 0 1
    2 C 1 3 194 2
    3 A 2 4 193 3
    4 U 3 5 192 4
    5 U 4 6 191 5
    6 G 5 7 190 6
    7 C 6 8 189 7
    8 U 7 9 188 8
    9 G 8 10 187 9
   10 U 9 11 186 10
   11 G 10 12 182 11
   12 G 11 13 181 12
   13 C 12 14 180 13
   14 A 13 15 179 14
   15 U 14 16 178 15
   16 A 15 17 0 16
   17 C 16 18 177 17
   18 G 17 19 176 18
   19 A 18 20 161 19
   20 A 19 21 0 20
   21 U 20 22 0 21
   22 C 21 23 0 22
   23 C 22 24 0 23
   24 A 23 25 0 24
   25 C 24 26 0 25
   26 A 25 27 0 26
   27 U 26 28 0 27
   28 C 27 29 0 28
   29 U 28 30 0 29
   30 A 29 31 0 30
   31 A 30 32 0 31
   32 G 31 33 160 32
   33 U 32 34 159 33
   34 G 33 35 158 34
   35 U 34 36 157 35
   36 U 35 37 156 36
   37 G 36 38 155 37
   38 A 37 39 154 38
   39 C 38 40 0 39
   40 C 39 41 153 40
   41 G 40 42 0 41
   42 A 41 43 0 42
   43 C 42 44 0 43
   44 U 43 45 0 44
   45 A 44 46 0 45
   46 U 45 47 0 46
   47 U 46 48 0 47
   48 U 47 49 0 48
   49 C 48 50 0 49
   50 U 49 51 0 50
   51 U 50 52 0 51
   52 U 51 53 0 52
   53 G 52 54 0 53
   54 U 53 55 0 54
   55 A 54 56 0 55
   56 U 55 57 0 56
   57 U 56 58 0 57
   58 U 57 59 0 58
   59 U 58 60 0 59
   60 C 59 61 0 60
   61 G 60 62 152 61
   62 G 61 63 133 62
   63 G 62 64 132 63
   64 A 63 65 0 64
   65 A 64 66 131 65
   66 A 65 67 129 66
   67 C 66 68 128 67
   68 A 67 69 127 68
   69 A 68 70 126 69
   70 A 69 71 0 70
   71 G 70 72 0 71
   72 A 71 73 0 72
   73 C 72 74 0 73
   74 U 73 75 125 74
   75 C 74 76 122 75
   76 U 75 77 121 76
   77 U 76 78 120 77
   78 U 77 79 119 78
   79 C 78 80 118 79
   80 U 79 81 117 80
   81 A 80 82 0 81
   82 G 81 83 0 82
   83 U 82 84 0 83
   84 C 83 85 0 84
   85 U 84 86 0 85
   86 G 85 87 116 86
   87 C 86 88 107 87
   88 A 87 89 0 88
   89 A 88 90 0 89
   90 G 89 91 0 90
   91 C 90 92 106 91
   92 C 91 93 103 92
   93 G 92 94 102 93
   94 U 93 95 101 94
   95 U 94 96 0 95
   96 U 95 97 0 96
   97 C 96 98 0 97
   98 A 97 99 0 98
   99 C 98 100 0 99
  100 G 99 101 0 100
  101 C 100 102 94 101
  102 G 101 103 93 102
  103 G 102 104 92 103
  104 A 103 105 0 104
  105 C 104 106 0 105
  106 G 105 107 91 106
  107 C 106 108 87 107
  108 A 107 109 0 108
  109 A 108 110 0 109
  110 C 109 111 0 110
  111 U 110 112 0 111
  112 U 111 113 0 112
  113 C 112 114 0 113
  114 C 113 115 0 114
  115 A 114 116 0 115
  116 A 115 117 86 116
  117 G 116 118 80 117
  118 A 117 119 79 118
  119 A 118 120 78 119
  120 A 119 121 77 120
  121 G 120 122 76 121
  122 A 121 123 75 122
  123 G 122 124 0 123
  124 C 123 125 0 124
  125 G 124 126 74 125
  126 C 125 127 69 126
  127 G 126 128 68 127
  128 U 127 129 67 128
  129 U 128 130 66 129
  130 A 129 131 0 130
  131 C 130 132 65 131
  132 C 131 133 63 132
  133 C 132 134 62 133
  134 A 133 135 0 134
  135 C 134 136 0 135
  136 C 135 137 0 136
  137 U 136 138 0 137
  138 G 137 139 0 138
  139 C 138 140 0 139
  140 U 139 141 0 140
  141 U 140 142 0 141
  142 A 141 143 0 142
  143 U 142 144 0 143
  144 A 143 145 0 144
  145 C 144 146 0 145
  146 U 145 147 0 146
  147 G 146 148 0 147
  148 C 147 149 0 148
  149 G 148 150 0 149
  150 C 149 151 0 150
  151 G 150 152 0 151
  152 G 151 153 61 152
  153 G 152 154 40 153
  154 C 153 155 38 154
  155 U 154 156 37 155
  156 C 155 157 36 156
  157 A 156 158 35 157
  158 A 157 159 34 158
  159 U 158 160 33 159
  160 A 159 161 32 160
  161 C 160 162 19 161
  162 A 161 163 0 162
  163 A 162 164 0 163
  164 A 163 165 0 164
  165 A 164 166 0 165
  166 A 165 167 0 166
  167 C 166 168 0 167
  168 G 167 169 0 168
  169 U 168 170 0 169
  170 G 169 171 0 170
  171 G 170 172 0 171
  172 A 171 173 0 172
  173 U 172 174 0 173
  174 C 173 175 0 174
  175 A 174 176 0 175
  176 C 175 177 18 176
  177 C 176 178 17 177
  178 G 177 179 15 178
  179 G 178 180 14 179
  180 U 179 181 13 180
  181 G 180 182 12 181
  182 C 181 183 11 182
  183 C 182 184 0 183
  184 A 183 185 0 184
  185 A 184 186 0 185
  186 U 185 187 10 186
  187 A 186 188 9 187
  188 C 187 189 8 188
  189 A 188 190 7 189
  190 G 189 191 6 190
  191 C 190 192 5 191
  192 A 191 193 4 192
  193 U 192 194 3 193
  194 U 193 195 2 194
  195 C 194 196 0 195
  196 U 195 197 0 196
  197 U 196 198 0 197