    208 Energy = 0   RF00174_CP000250.1_3754381-3754174
    1 U 0 2 0 1
    2 C 1 3 0 2
    3 U 2 4 0 3
    4 G 3 5 0 4
    5 U 4 6 0 5
    6 U 5 7 0 6
    7 U 6 8 0 7
    8 G 7 9 0 8
    9 C 8 10 0 9
   10 C 9 11 0 10
   11 A 10 12 0 11
   12 U 11 13 0 12
   13 G 12 14 0 13
   14 C 13 15 0 14
   15 C 14 16 0 15
   16 U 15 17 193 16
   17 U 16 18 192 17
   18 C 17 19 191 18
   19 G 18 20 190 19
   20 G 19 21 189 20
   21 U 20 22 188 21
   22 G 21 23 0 22
   23 C 22 24 38 23
   24 C 23 25 37 24
   25 U 24 26 36 25
   26 C 25 27 0 26
   27 U 26 28 0 27
   28 C 27 29 0 28
   29 G 28 30 0 29
   30 A 29 31 0 30
   31 A 30 32 0 31
   32 A 31 33 0 32
   33 G 32 34 0 33
   34 A 33 35 0 34
   35 G 34 36 0 35
   36 A 35 37 25 36
   37 G 36 38 24 37
   38 G 37 39 23 38
   39 U 38 40 0 39
   40 G 39 41 0 40
   41 A 40 42 0 41
   42 A 41 43 0 42
   43 A 42 44 0 43
   44 C 43 45 187 44
   45 A 44 46 0 45
   46 G 45 47 186 46
   47 G 46 48 185 47
   48 G 47 49 0 48
   49 A 48 50 0 49
   50 A 49 51 0 50
   51 U 50 52 81 51
   52 G 51 53 80 52
   53 C 52 54 79 53
   54 G 53 55 78 54
   55 G 54 56 77 55
   56 U 55 57 0 56
   57 G 56 58 0 57
   58 C 57 59 0 58
   59 G 58 60 0 59
   60 G 59 61 0 60
   61 C 60 62 0 61
   62 G 61 63 0 62
   63 A 62 64 0 63
   64 G 63 65 0 64
   65 C 64 66 0 65
   66 U 65 67 0 66
   67 U 66 68 0 67
   68 U 67 69 0 68
   69 C 68 70 0 69
   70 G 69 71 0 70
   71 C 70 72 0 71
   72 C 71 73 0 72
   73 A 72 74 0 73
   74 A 73 75 0 74
   75 U 74 76 0 75
   76 U 75 77 0 76
   77 C 76 78 55 77
   78 C 77 79 54 78
   79 G 78 80 53 79
   80 C 79 81 52 80
   81 G 80 82 51 81
   82 G 81 83 0 82
   83 C 82 84 0 83
   84 U 83 85 93 84
   85 G 84 86 92 85
   86 C 85 87 91 86
   87 C 86 88 0 87
   88 C 87 89 0 88
   89 C 88 90 0 89
   90 C 89 91 0 90
   91 G 90 92 86 91
   92 C 91 93 85 92
   93 A 92 94 84 93
   94 A 93 95 0 94
   95 C 94 96 180 95
   96 U 95 97 179 96
   97 G 96 98 178 97
   98 U 97 99 0 98
   99 A 98 100 0 99
  100 G 99 101 0 100
  101 G 100 102 173 101
  102 C 101 103 172 102
  103 G 102 104 171 103
  104 G 103 105 170 104
  105 A 104 106 0 105
  106 U 105 107 0 106
  107 C 106 108 0 107
  108 G 107 109 0 108
  109 U 108 110 0 109
  110 C 109 111 0 110
  111 C 110 112 0 111
  112 G 111 113 161 112
  113 C 112 114 160 113
  114 G 113 115 159 114
  115 A 114 116 158 115
  116 U 115 117 157 116
  117 C 116 118 156 117
  118 A 117 119 0 118
  119 A 118 120 0 119
  120 G 119 121 0 120
  121 C 120 122 0 121
  122 U 121 123 0 122
  123 G 122 124 155 123
  124 C 123 125 154 124
  125 C 124 126 153 125
  126 A 125 127 0 126
  127 C 126 128 149 127
  128 U 127 129 148 128
  129 G 128 130 147 129
  130 A 129 131 146 130
  131 G 130 132 145 131
  132 C 131 133 144 132
  133 G 132 134 0 133
  134 A 133 135 0 134
  135 U 134 136 0 135
  136 C 135 137 0 136
  137 G 136 138 0 137
  138 U 137 139 0 138
  139 U 138 140 0 139
  140 U 139 141 0 140
  141 U 140 142 0 141
  142 G 141 143 0 142
  143 C 142 144 0 143
  144 G 143 145 132 144
  145 C 144 146 131 145
  146 U 145 147 130 146
  147 C 146 148 129 147
  148 G 147 149 128 148
  149 G 148 150 127 149
  150 G 149 151 0 150
  151 A 150 152 0 151
  152 A 151 153 0 152
  153 G 152 154 125 153
  154 G 153 155 124 154
  155 C 154 156 123 155
  156 G 155 157 117 156
  157 A 156 158 116 157
  158 U 157 159 115 158
  159 C 158 160 114 159
  160 C 159 161 113 160
  161 G 160 162 112 161
  162 G 161 163 0 162
  163 A 162 164 0 163
  164 C 163 165 0 164
  165 C 164 166 0 165
  166 A 165 167 0 166
  167 U 166 168 0 167
  168 A 167 169 0 168
  169 U 168 170 0 169
  170 C 169 171 104 170
  171 C 170 172 103 171
  172 G 171 173 102 172
  173 C 172 174 101 173
  174 G 173 175 0 174
  175 A 174 176 0 175
  176 G 175 177 0 176
  177 C 176 178 0 177
  178 C 177 179 97 178
  179 A 178 180 96 179
  180 G 179 181 95 180
  181 G 180 182 0 181
  182 A 181 183 0 182
  183 G 182 184 0 183
  184 A 183 185 0 184
  185 C 184 186 47 185
  186 C 185 187 46 186
  187 G 186 188 44 187
  188 G 187 189 21 188
  189 C 188 190 20 189
  190 C 189 191 19 190
  191 G 190 192 18 191
  192 C 191 193 17 192
  193 A 192 194 16 193
  194 G 193 195 0 194
  195 G 194 196 0 195
  196 C 195 197 0 196
  197 A 196 198 0 197
  198 A 197 199 0 198
  199 U 198 200 0 199
  200 C 199 201 0 200
  201 G 200 202 0 201
  202 U 201 203 0 202
  203 C 202 204 0 203
  204 C 203 205 0 204
  205 A 204 206 0 205
  206 C 205 207 0 206
  207 U 206 208 0 207
  208 U 207 209 0 208