    187 Energy = 0   RF00013_AL009126.3_2096113-2095927
    1 A 0 2 0 1
    2 A 1 3 184 2
    3 G 2 4 183 3
    4 A 3 5 182 4
    5 A 4 6 181 5
    6 G 5 7 180 6
    7 C 6 8 179 7
    8 U 7 9 178 8
    9 A 8 10 177 9
   10 C 9 11 176 10
   11 U 10 12 173 11
   12 U 11 13 172 12
   13 U 12 14 171 13
   14 G 13 15 170 14
   15 U 14 16 169 15
   16 G 15 17 0 16
   17 C 16 18 168 17
   18 G 17 19 167 18
   19 U 18 20 154 19
   20 A 19 21 0 20
   21 U 20 22 0 21
   22 U 21 23 0 22
   23 G 22 24 0 23
   24 U 23 25 0 24
   25 U 24 26 0 25
   26 A 25 27 0 26
   27 A 26 28 0 27
   28 U 27 29 0 28
   29 U 28 30 0 29
   30 A 29 31 153 30
   31 A 30 32 152 31
   32 G 31 33 151 32
   33 U 32 34 149 33
   34 U 33 35 0 34
   35 U 34 36 148 35
   36 U 35 37 147 36
   37 A 36 38 145 37
   38 A 37 39 144 38
   39 C 38 40 143 39
   40 C 39 41 127 40
   41 U 40 42 0 41
   42 U 41 43 0 42
   43 U 42 44 0 43
   44 A 43 45 0 44
   45 A 44 46 0 45
   46 G 45 47 0 46
   47 C 46 48 0 47
   48 U 47 49 0 48
   49 G 48 50 0 49
   50 U 49 51 0 50
   51 A 50 52 0 51
   52 A 51 53 0 52
   53 U 52 54 0 53
   54 A 53 55 0 54
   55 G 54 56 126 55
   56 G 55 57 125 56
   57 G 56 58 123 57
   58 A 57 59 0 58
   59 G 58 60 122 59
   60 U 59 61 121 60
   61 U 60 62 120 61
   62 U 61 63 119 62
   63 U 62 64 116 63
   64 A 63 65 0 64
   65 U 64 66 0 65
   66 A 65 67 0 66
   67 U 66 68 0 67
   68 C 67 69 0 68
   69 G 68 70 0 69
   70 A 69 71 115 70
   71 A 70 72 114 71
   72 G 71 73 113 72
   73 C 72 74 112 73
   74 C 73 75 111 74
   75 G 74 76 0 75
   76 G 75 77 0 76
   77 A 76 78 0 77
   78 A 77 79 0 78
   79 U 78 80 0 79
   80 G 79 81 0 80
   81 U 80 82 104 81
   82 C 81 83 103 82
   83 A 82 84 0 83
   84 U 83 85 0 84
   85 G 84 86 0 85
   86 C 85 87 100 86
   87 C 86 88 99 87
   88 U 87 89 98 88
   89 C 88 90 97 89
   90 C 89 91 96 90
   91 A 90 92 0 91
   92 U 91 93 0 92
   93 U 92 94 0 93
   94 G 93 95 0 94
   95 C 94 96 0 95
   96 A 95 97 90 96
   97 G 96 98 89 97
   98 A 97 99 88 98
   99 G 98 100 87 99
  100 G 99 101 86 100
  101 A 100 102 0 101
  102 C 101 103 0 102
  103 G 102 104 82 103
  104 A 103 105 81 104
  105 C 104 106 0 105
  106 A 105 107 0 106
  107 G 106 108 0 107
  108 G 107 109 0 108
  109 A 108 110 0 109
  110 A 109 111 0 110
  111 C 110 112 74 111
  112 G 111 113 73 112
  113 U 112 114 72 113
  114 U 113 115 71 114
  115 U 114 116 70 115
  116 C 115 117 63 116
  117 U 116 118 0 117
  118 G 117 119 0 118
  119 C 118 120 62 119
  120 A 119 121 61 120
  121 A 120 122 60 121
  122 A 121 123 59 122
  123 C 122 124 57 123
  124 A 123 125 0 124
  125 C 124 126 56 125
  126 C 125 127 55 126
  127 C 126 128 40 127
  128 A 127 129 0 128
  129 C 128 130 0 129
  130 U 129 131 0 130
  131 U 130 132 0 131
  132 U 131 133 0 132
  133 G 132 134 0 133
  134 A 133 135 0 134
  135 G 134 136 0 135
  136 G 135 137 0 136
  137 A 136 138 0 137
  138 G 137 139 0 138
  139 U 138 140 0 139
  140 G 139 141 0 140
  141 G 140 142 0 141
  142 U 141 143 0 142
  143 G 142 144 39 143
  144 G 143 145 38 144
  145 U 144 146 37 145
  146 U 145 147 0 146
  147 U 146 148 36 147
  148 A 147 149 35 148
  149 A 148 150 33 149
  150 A 149 151 0 150
  151 A 150 152 32 151
  152 C 151 153 31 152
  153 U 152 154 30 153
  154 U 153 155 19 154
  155 U 154 156 0 155
  156 C 155 157 0 156
  157 U 156 158 0 157
  158 U 157 159 0 158
  159 A 158 160 0 159
  160 C 159 161 0 160
  161 U 160 162 0 161
  162 U 161 163 0 162
  163 G 162 164 0 163
  164 C 163 165 0 164
  165 A 164 166 0 165
  166 U 165 167 0 166
  167 A 166 168 18 167
  168 C 167 169 17 168
  169 G 168 170 15 169
  170 G 169 171 14 170
  171 C 170 172 13 171
  172 A 171 173 12 172
  173 A 172 174 11 173
  174 G 173 175 0 174
  175 A 174 176 0 175
  176 C 175 177 10 176
  177 G 176 178 9 177
  178 U 177 179 8 178
  179 A 178 180 7 179
  180 G 179 181 6 180
  181 C 180 182 5 181
  182 G 181 183 4 182
  183 A 182 184 3 183
  184 A 183 185 2 184
  185 A 184 186 0 185
  186 G 185 187 0 186
  187 C 186 188 0 187