    155 Energy = 0   RF01728_CP000826.1_437613-437767
    1 U 0 2 0 1
    2 G 1 3 17 2
    3 U 2 4 16 3
    4 C 3 5 15 4
    5 G 4 6 14 5
    6 U 5 7 13 6
    7 U 6 8 12 7
    8 U 7 9 0 8
    9 U 8 10 0 9
   10 C 9 11 0 10
   11 G 10 12 0 11
   12 G 11 13 7 12
   13 A 12 14 6 13
   14 C 13 15 5 14
   15 G 14 16 4 15
   16 A 15 17 3 16
   17 C 16 18 2 17
   18 C 17 19 0 18
   19 A 18 20 0 19
   20 U 19 21 0 20
   21 C 20 22 0 21
   22 C 21 23 0 22
   23 A 22 24 0 23
   24 A 23 25 0 24
   25 U 24 26 0 25
   26 G 25 27 0 26
   27 U 26 28 0 27
   28 C 27 29 0 28
   29 U 28 30 0 29
   30 C 29 31 0 30
   31 A 30 32 0 31
   32 G 31 33 63 32
   33 C 32 34 62 33
   34 A 33 35 61 34
   35 C 34 36 60 35
   36 U 35 37 59 36
   37 C 36 38 58 37
   38 U 37 39 0 38
   39 G 38 40 0 39
   40 U 39 41 0 40
   41 G 40 42 0 41
   42 A 41 43 0 42
   43 G 42 44 0 43
   44 A 43 45 0 44
   45 G 44 46 0 45
   46 G 45 47 0 46
   47 C 46 48 0 47
   48 G 47 49 57 48
   49 C 48 50 56 49
   50 C 49 51 55 50
   51 U 50 52 0 51
   52 U 51 53 0 52
   53 C 52 54 0 53
   54 G 53 55 0 54
   55 G 54 56 50 55
   56 G 55 57 49 56
   57 U 56 58 48 57
   58 G 57 59 37 58
   59 A 58 60 36 59
   60 G 59 61 35 60
   61 U 60 62 34 61
   62 G 61 63 33 62
   63 C 62 64 32 63
   64 C 63 65 0 64
   65 A 64 66 0 65
   66 U 65 67 0 66
   67 C 66 68 0 67
   68 C 67 69 0 68
   69 A 68 70 0 69
   70 A 69 71 0 70
   71 U 70 72 0 71
   72 G 71 73 0 72
   73 U 72 74 0 73
   74 U 73 75 0 74
   75 U 74 76 0 75
   76 C 75 77 0 76
   77 A 76 78 0 77
   78 U 77 79 0 78
   79 G 78 80 110 79
   80 U 79 81 109 80
   81 G 80 82 108 81
   82 A 81 83 107 82
   83 C 82 84 106 83
   84 C 83 85 105 84
   85 U 84 86 0 85
   86 G 85 87 0 86
   87 U 86 88 0 87
   88 G 87 89 0 88
   89 A 88 90 0 89
   90 G 89 91 0 90
   91 A 90 92 0 91
   92 A 91 93 0 92
   93 A 92 94 0 93
   94 C 93 95 0 94
   95 G 94 96 104 95
   96 C 95 97 103 96
   97 C 96 98 102 97
   98 U 97 99 0 98
   99 U 98 100 0 99
  100 C 99 101 0 100
  101 G 100 102 0 101
  102 G 101 103 97 102
  103 G 102 104 96 103
  104 U 103 105 95 104
  105 G 104 106 84 105
  106 G 105 107 83 106
  107 U 106 108 82 107
  108 C 107 109 81 108
  109 A 108 110 80 109
  110 C 109 111 79 110
  111 A 110 112 0 111
  112 A 111 113 0 112
  113 U 112 114 0 113
  114 A 113 115 0 114
  115 U 114 116 0 115
  116 C 115 117 0 116
  117 C 116 118 0 117
  118 U 117 119 0 118
  119 C 118 120 0 119
  120 G 119 121 153 120
  121 U 120 122 152 121
  122 A 121 123 151 122
  123 G 122 124 150 123
  124 C 123 125 149 124
  125 C 124 126 148 125
  126 U 125 127 0 126
  127 G 126 128 0 127
  128 A 127 129 0 128
  129 A 128 130 0 129
  130 A 129 131 0 130
  131 G 130 132 0 131
  132 A 131 133 0 132
  133 G 132 134 0 133
  134 G 133 135 0 134
  135 A 134 136 0 135
  136 U 135 137 0 136
  137 G 136 138 147 137
  138 C 137 139 146 138
  139 C 138 140 145 139
  140 C 139 141 0 140
  141 A 140 142 0 141
  142 U 141 143 0 142
  143 G 142 144 0 143
  144 U 143 145 0 144
  145 G 144 146 139 145
  146 G 145 147 138 146
  147 C 146 148 137 147
  148 G 147 149 125 148
  149 G 148 150 124 149
  150 U 149 151 123 150
  151 A 150 152 122 151
  152 C 151 153 121 152
  153 C 152 154 120 153
  154 U 153 155 0 154
  155 C 154 156 0 155