    202 Energy = 0   RF00174_BX572599.1_247113-247314
    1 U 0 2 0 1
    2 U 1 3 0 2
    3 A 2 4 0 3
    4 A 3 5 0 4
    5 C 4 6 0 5
    6 C 5 7 0 6
    7 C 6 8 0 7
    8 G 7 9 0 8
    9 A 8 10 0 9
   10 G 9 11 0 10
   11 G 10 12 0 11
   12 U 11 13 0 12
   13 U 12 14 0 13
   14 G 13 15 0 14
   15 U 14 16 0 15
   16 A 15 17 187 16
   17 C 16 18 186 17
   18 C 17 19 185 18
   19 G 18 20 184 19
   20 G 19 21 183 20
   21 U 20 22 182 21
   22 G 21 23 0 22
   23 C 22 24 39 23
   24 C 23 25 38 24
   25 U 24 26 37 25
   26 C 25 27 0 26
   27 U 26 28 0 27
   28 C 27 29 0 28
   29 G 28 30 0 29
   30 C 29 31 0 30
   31 C 30 32 0 31
   32 G 31 33 0 32
   33 A 32 34 0 33
   34 G 33 35 0 34
   35 A 34 36 0 35
   36 G 35 37 0 36
   37 A 36 38 25 37
   38 G 37 39 24 38
   39 G 38 40 23 39
   40 U 39 41 0 40
   41 G 40 42 0 41
   42 A 41 43 0 42
   43 A 42 44 0 43
   44 A 43 45 0 44
   45 C 44 46 181 45
   46 G 45 47 180 46
   47 G 46 48 179 47
   48 G 47 49 0 48
   49 A 48 50 0 49
   50 A 49 51 0 50
   51 U 50 52 80 51
   52 G 51 53 79 52
   53 C 52 54 78 53
   54 G 53 55 77 54
   55 G 54 56 76 55
   56 U 55 57 0 56
   57 G 56 58 0 57
   58 C 57 59 0 58
   59 G 58 60 0 59
   60 G 59 61 0 60
   61 G 60 62 0 61
   62 G 61 63 0 62
   63 C 62 64 0 63
   64 G 63 65 0 64
   65 A 64 66 0 65
   66 U 65 67 0 66
   67 G 66 68 0 67
   68 C 67 69 0 68
   69 C 68 70 0 69
   70 C 69 71 0 70
   71 C 70 72 0 71
   72 A 71 73 0 72
   73 A 72 74 0 73
   74 U 73 75 0 74
   75 G 74 76 0 75
   76 C 75 77 55 76
   77 C 76 78 54 77
   78 G 77 79 53 78
   79 C 78 80 52 79
   80 A 79 81 51 80
   81 G 80 82 0 81
   82 C 81 83 0 82
   83 U 82 84 92 83
   84 G 83 85 91 84
   85 C 84 86 90 85
   86 C 85 87 0 86
   87 C 86 88 0 87
   88 U 87 89 0 88
   89 C 88 90 0 89
   90 G 89 91 85 90
   91 C 90 92 84 91
   92 A 91 93 83 92
   93 A 92 94 0 93
   94 C 93 95 174 94
   95 U 94 96 173 95
   96 G 95 97 172 96
   97 U 96 98 0 97
   98 G 97 99 0 98
   99 G 98 100 0 99
  100 G 99 101 167 100
  101 C 100 102 166 101
  102 G 101 103 165 102
  103 G 102 104 164 103
  104 A 103 105 0 104
  105 U 104 106 0 105
  106 C 105 107 0 106
  107 G 106 108 0 107
  108 G 107 109 0 108
  109 A 108 110 0 109
  110 G 109 111 154 110
  111 C 110 112 153 111
  112 G 111 113 152 112
  113 U 112 114 151 113
  114 C 113 115 150 114
  115 C 114 116 149 115
  116 U 115 117 0 116
  117 C 116 118 0 117
  118 G 117 119 0 118
  119 C 118 120 0 119
  120 A 119 121 0 120
  121 U 120 122 0 121
  122 G 121 123 148 122
  123 C 122 124 147 123
  124 C 123 125 146 124
  125 A 124 126 0 125
  126 C 125 127 142 126
  127 U 126 128 141 127
  128 G 127 129 140 128
  129 A 128 130 139 129
  130 C 129 131 138 130
  131 C 130 132 137 131
  132 A 131 133 0 132
  133 G 132 134 0 133
  134 A 133 135 0 134
  135 U 134 136 0 135
  136 C 135 137 0 136
  137 G 136 138 131 137
  138 G 137 139 130 138
  139 U 138 140 129 139
  140 C 139 141 128 140
  141 G 140 142 127 141
  142 G 141 143 126 142
  143 G 142 144 0 143
  144 A 143 145 0 144
  145 A 144 146 0 145
  146 G 145 147 124 146
  147 G 146 148 123 147
  148 C 147 149 122 148
  149 G 148 150 115 149
  150 G 149 151 114 150
  151 A 150 152 113 151
  152 C 151 153 112 152
  153 G 152 154 111 153
  154 C 153 155 110 154
  155 G 154 156 0 155
  156 C 155 157 0 156
  157 C 156 158 0 157
  158 G 157 159 0 158
  159 G 158 160 0 159
  160 A 159 161 0 160
  161 U 160 162 0 161
  162 A 161 163 0 162
  163 U 162 164 0 163
  164 C 163 165 103 164
  165 C 164 166 102 165
  166 G 165 167 101 166
  167 C 166 168 100 167
  168 G 167 169 0 168
  169 A 168 170 0 169
  170 G 169 171 0 170
  171 C 170 172 0 171
  172 C 171 173 96 172
  173 A 172 174 95 173
  174 G 173 175 94 174
  175 G 174 176 0 175
  176 A 175 177 0 176
  177 G 176 178 0 177
  178 A 177 179 0 178
  179 C 178 180 47 179
  180 C 179 181 46 180
  181 G 180 182 45 181
  182 G 181 183 21 182
  183 C 182 184 20 183
  184 C 183 185 19 184
  185 G 184 186 18 185
  186 G 185 187 17 186
  187 U 186 188 16 187
  188 A 187 189 0 188
  189 C 188 190 0 189
  190 A 189 191 0 190
  191 A 190 192 0 191
  192 G 191 193 0 192
  193 G 192 194 0 193
  194 U 193 195 0 194
  195 G 194 196 0 195
  196 U 195 197 0 196
  197 G 196 198 0 197
  198 C 197 199 0 198
  199 A 198 200 0 199
  200 A 199 201 0 200
  201 C 200 202 0 201
  202 U 201 203 0 202