    181 Energy = 0   RF00013_CP000148.1_31807-31627
    1 U 0 2 0 1
    2 U 1 3 178 2
    3 C 2 4 177 3
    4 U 3 5 176 4
    5 C 4 6 175 5
    6 U 5 7 174 6
    7 C 6 8 173 7
    8 U 7 9 172 8
    9 G 8 10 171 9
   10 C 9 11 170 10
   11 C 10 12 169 11
   12 A 11 13 168 12
   13 U 12 14 167 13
   14 G 13 15 166 14
   15 C 14 16 165 15
   16 G 15 17 0 16
   17 C 16 18 164 17
   18 G 17 19 163 18
   19 U 18 20 150 19
   20 C 19 21 0 20
   21 A 20 22 0 21
   22 G 21 23 0 22
   23 G 22 24 0 23
   24 C 23 25 0 24
   25 U 24 26 0 25
   26 G 25 27 0 26
   27 A 26 28 0 27
   28 U 27 29 0 28
   29 A 28 30 0 29
   30 U 29 31 0 30
   31 G 30 32 149 31
   32 C 31 33 148 32
   33 C 32 34 146 33
   34 C 33 35 145 34
   35 C 34 36 0 35
   36 A 35 37 144 36
   37 G 36 38 143 37
   38 C 37 39 142 38
   39 G 38 40 141 39
   40 G 39 41 0 40
   41 A 40 42 0 41
   42 A 41 43 0 42
   43 C 42 44 0 43
   44 A 43 45 0 44
   45 U 44 46 0 45
   46 U 45 47 0 46
   47 U 46 48 0 47
   48 A 47 49 0 48
   49 C 48 50 0 49
   50 G 49 51 0 50
   51 U 50 52 0 51
   52 A 51 53 0 52
   53 A 52 54 0 53
   54 G 53 55 0 54
   55 A 54 56 0 55
   56 C 55 57 0 56
   57 G 56 58 140 57
   58 G 57 59 125 58
   59 G 58 60 123 59
   60 G 59 61 122 60
   61 G 60 62 121 61
   62 U 61 63 120 62
   63 U 62 64 119 63
   64 C 63 65 0 64
   65 U 64 66 0 65
   66 U 65 67 0 66
   67 U 66 68 0 67
   68 C 67 69 118 68
   69 U 68 70 115 69
   70 A 69 71 114 70
   71 C 70 72 113 71
   72 C 71 73 112 72
   73 G 72 74 111 73
   74 U 73 75 110 74
   75 G 74 76 0 75
   76 G 75 77 0 76
   77 U 76 78 0 77
   78 G 77 79 0 78
   79 U 78 80 0 79
   80 G 79 81 109 80
   81 C 80 82 103 81
   82 U 81 83 0 82
   83 G 82 84 0 83
   84 C 83 85 0 84
   85 C 84 86 102 85
   86 C 85 87 97 86
   87 C 86 88 96 87
   88 A 87 89 95 88
   89 U 88 90 0 89
   90 C 89 91 0 90
   91 A 90 92 0 91
   92 U 91 93 0 92
   93 G 92 94 0 93
   94 U 93 95 0 94
   95 G 94 96 88 95
   96 G 95 97 87 96
   97 G 96 98 86 97
   98 A 97 99 0 98
   99 U 98 100 0 99
  100 U 99 101 0 100
  101 U 100 102 0 101
  102 G 101 103 85 102
  103 C 102 104 81 103
  104 C 103 105 0 104
  105 U 104 106 0 105
  106 G 105 107 0 106
  107 A 106 108 0 107
  108 A 107 109 0 108
  109 G 108 110 80 109
  110 C 109 111 74 110
  111 G 110 112 73 111
  112 G 111 113 72 112
  113 U 112 114 71 113
  114 A 113 115 70 114
  115 C 114 116 69 115
  116 A 115 117 0 116
  117 G 116 118 0 117
  118 A 117 119 68 118
  119 G 118 120 63 119
  120 C 119 121 62 120
  121 C 120 122 61 121
  122 U 121 123 60 122
  123 G 122 124 59 123
  124 C 123 125 0 124
  125 C 124 126 58 125
  126 A 125 127 0 126
  127 C 126 128 0 127
  128 C 127 129 0 128
  129 U 128 130 0 129
  130 G 129 131 0 130
  131 U 130 132 0 131
  132 A 131 133 0 132
  133 A 132 134 0 133
  134 G 133 135 0 134
  135 G 134 136 0 135
  136 A 135 137 0 136
  137 A 136 138 0 137
  138 C 137 139 0 138
  139 U 138 140 0 139
  140 C 139 141 57 140
  141 G 140 142 39 141
  142 C 141 143 38 142
  143 U 142 144 37 143
  144 G 143 145 36 144
  145 U 144 146 34 145
  146 G 145 147 33 146
  147 A 146 148 0 147
  148 G 147 149 32 148
  149 G 148 150 31 149
  150 C 149 151 19 150
  151 C 150 152 0 151
  152 C 151 153 0 152
  153 U 152 154 0 153
  154 U 153 155 0 154
  155 A 154 156 0 155
  156 C 155 157 0 156
  157 A 156 158 0 157
  158 A 157 159 0 158
  159 G 158 160 0 159
  160 C 159 161 0 160
  161 C 160 162 0 161
  162 A 161 163 0 162
  163 A 162 164 18 163
  164 C 163 165 17 164
  165 G 164 166 15 165
  166 G 165 167 14 166
  167 C 166 168 13 167
  168 A 167 169 12 168
  169 U 168 170 11 169
  170 G 169 171 10 170
  171 G 170 172 9 171
  172 U 171 173 8 172
  173 G 172 174 7 173
  174 G 173 175 6 174
  175 A 174 176 5 175
  176 G 175 177 4 176
  177 G 176 178 3 177
  178 G 177 179 2 178
  179 A 178 180 0 179
  180 U 179 181 0 180
  181 U 180 182 0 181