    216 Energy = 0   RF00174_CP000377.1_3101368-3101583
    1 C 0 2 0 1
    2 C 1 3 0 2
    3 G 2 4 0 3
    4 C 3 5 0 4
    5 A 4 6 0 5
    6 U 5 7 0 6
    7 G 6 8 0 7
    8 A 7 9 0 8
    9 G 8 10 0 9
   10 A 9 11 0 10
   11 G 10 12 0 11
   12 G 11 13 0 12
   13 G 12 14 0 13
   14 G 13 15 0 14
   15 C 14 16 0 15
   16 G 15 17 201 16
   17 A 16 18 200 17
   18 U 17 19 199 18
   19 G 18 20 198 19
   20 G 19 21 197 20
   21 U 20 22 196 21
   22 U 21 23 46 22
   23 C 22 24 45 23
   24 C 23 25 44 24
   25 C 24 26 0 25
   26 C 25 27 0 26
   27 G 26 28 0 27
   28 A 27 29 0 28
   29 C 28 30 0 29
   30 G 29 31 0 30
   31 C 30 32 0 31
   32 C 31 33 0 32
   33 U 32 34 0 33
   34 A 33 35 0 34
   35 A 34 36 0 35
   36 G 35 37 0 36
   37 G 36 38 0 37
   38 C 37 39 0 38
   39 C 38 40 0 39
   40 G 39 41 0 40
   41 G 40 42 0 41
   42 U 41 43 0 42
   43 G 42 44 0 43
   44 G 43 45 24 44
   45 G 44 46 23 45
   46 A 45 47 22 46
   47 U 46 48 0 47
   48 G 47 49 0 48
   49 A 48 50 0 49
   50 A 49 51 0 50
   51 A 50 52 0 51
   52 A 51 53 195 52
   53 G 52 54 194 53
   54 G 53 55 193 54
   55 G 54 56 0 55
   56 A 55 57 0 56
   57 A 56 58 0 57
   58 U 57 59 93 58
   59 U 58 60 92 59
   60 C 59 61 91 60
   61 G 60 62 90 61
   62 G 61 63 89 62
   63 U 62 64 0 63
   64 G 63 65 0 64
   65 C 64 66 0 65
   66 G 65 67 0 66
   67 G 66 68 0 67
   68 A 67 69 0 68
   69 G 68 70 0 69
   70 G 69 71 0 70
   71 A 70 72 0 71
   72 G 71 73 0 72
   73 C 72 74 0 73
   74 C 73 75 0 74
   75 A 74 76 0 75
   76 A 75 77 0 76
   77 A 76 78 0 77
   78 G 77 79 0 78
   79 G 78 80 0 79
   80 G 79 81 0 80
   81 C 80 82 0 81
   82 G 81 83 0 82
   83 C 82 84 0 83
   84 C 83 85 0 84
   85 A 84 86 0 85
   86 A 85 87 0 86
   87 A 86 88 0 87
   88 U 87 89 0 88
   89 C 88 90 62 89
   90 C 89 91 61 90
   91 G 90 92 60 91
   92 A 91 93 59 92
   93 A 92 94 58 93
   94 A 93 95 0 94
   95 C 94 96 0 95
   96 U 95 97 105 96
   97 G 96 98 104 97
   98 C 97 99 103 98
   99 C 98 100 0 99
  100 C 99 101 0 100
  101 C 100 102 0 101
  102 C 101 103 0 102
  103 G 102 104 98 103
  104 C 103 105 97 104
  105 A 104 106 96 105
  106 A 105 107 0 106
  107 C 106 108 188 107
  108 U 107 109 187 108
  109 G 108 110 186 109
  110 U 109 111 0 110
  111 A 110 112 0 111
  112 A 111 113 0 112
  113 G 112 114 181 113
  114 C 113 115 180 114
  115 G 114 116 179 115
  116 G 115 117 178 116
  117 C 116 118 0 117
  118 G 117 119 0 118
  119 A 118 120 0 119
  120 G 119 121 0 120
  121 C 120 122 0 121
  122 G 121 123 0 122
  123 C 122 124 167 123
  124 C 123 125 166 124
  125 C 124 126 165 125
  126 C 125 127 164 126
  127 G 126 128 163 127
  128 U 127 129 162 128
  129 C 128 130 0 129
  130 A 129 131 0 130
  131 C 130 132 0 131
  132 A 131 133 0 132
  133 G 132 134 0 133
  134 C 133 135 161 134
  135 C 134 136 160 135
  136 C 135 137 159 136
  137 A 136 138 0 137
  138 C 137 139 155 138
  139 U 138 140 154 139
  140 G 139 141 153 140
  141 A 140 142 152 141
  142 U 141 143 151 142
  143 C 142 144 150 143
  144 C 143 145 0 144
  145 U 144 146 0 145
  146 C 145 147 0 146
  147 A 146 148 0 147
  148 U 147 149 0 148
  149 G 148 150 0 149
  150 G 149 151 143 150
  151 A 150 152 142 151
  152 U 151 153 141 152
  153 C 152 154 140 153
  154 G 153 155 139 154
  155 G 154 156 138 155
  156 G 155 157 0 156
  157 A 156 158 0 157
  158 A 157 159 0 158
  159 G 158 160 136 159
  160 G 159 161 135 160
  161 G 160 162 134 161
  162 A 161 163 128 162
  163 G 162 164 127 163
  164 G 163 165 126 164
  165 G 164 166 125 165
  166 A 165 167 124 166
  167 C 166 168 123 167
  168 G 167 169 0 168
  169 C 168 170 0 169
  170 G 169 171 0 170
  171 C 170 172 0 171
  172 A 171 173 0 172
  173 A 172 174 0 173
  174 U 173 175 0 174
  175 A 174 176 0 175
  176 A 175 177 0 176
  177 C 176 178 0 177
  178 C 177 179 116 178
  179 C 178 180 115 179
  180 G 179 181 114 180
  181 C 180 182 113 181
  182 A 181 183 0 182
  183 A 182 184 0 183
  184 G 183 185 0 184
  185 U 184 186 0 185
  186 C 185 187 109 186
  187 A 186 188 108 187
  188 G 187 189 107 188
  189 G 188 190 0 189
  190 A 189 191 0 190
  191 G 190 192 0 191
  192 A 191 193 0 192
  193 C 192 194 54 193
  194 C 193 195 53 194
  195 U 194 196 52 195
  196 G 195 197 21 196
  197 C 196 198 20 197
  198 C 197 199 19 198
  199 A 198 200 18 199
  200 U 199 201 17 200
  201 C 200 202 16 201
  202 G 201 203 0 202
  203 C 202 204 0 203
  204 G 203 205 0 204
  205 A 204 206 0 205
  206 C 205 207 0 206
  207 U 206 208 0 207
  208 U 207 209 0 208
  209 U 208 210 0 209
  210 U 209 211 0 210
  211 U 210 212 0 211
  212 A 211 213 0 212
  213 A 212 214 0 213
  214 C 213 215 0 214
  215 C 214 216 0 215
  216 A 215 217 0 216