    159 Energy = 0   RF01699_BAAX01013085.1_392-234
    1 U 0 2 0 1
    2 G 1 3 158 2
    3 A 2 4 157 3
    4 A 3 5 156 4
    5 A 4 6 155 5
    6 G 5 7 154 6
    7 C 6 8 153 7
    8 G 7 9 67 8
    9 U 8 10 66 9
   10 U 9 11 65 10
   11 G 10 12 60 11
   12 U 11 13 0 12
   13 C 12 14 0 13
   14 A 13 15 0 14
   15 A 14 16 0 15
   16 G 15 17 59 16
   17 C 16 18 58 17
   18 G 17 19 57 18
   19 G 18 20 56 19
   20 U 19 21 55 20
   21 U 20 22 54 21
   22 A 21 23 53 22
   23 G 22 24 52 23
   24 A 23 25 51 24
   25 C 24 26 50 25
   26 A 25 27 47 26
   27 U 26 28 0 27
   28 U 27 29 46 28
   29 C 28 30 0 29
   30 U 29 31 0 30
   31 G 30 32 44 31
   32 C 31 33 43 32
   33 G 32 34 42 33
   34 U 33 35 41 34
   35 G 34 36 40 35
   36 C 35 37 0 36
   37 C 36 38 0 37
   38 U 37 39 0 38
   39 G 38 40 0 39
   40 C 39 41 35 40
   41 A 40 42 34 41
   42 C 41 43 33 42
   43 G 42 44 32 43
   44 C 43 45 31 44
   45 A 44 46 0 45
   46 G 45 47 28 46
   47 U 46 48 26 47
   48 G 47 49 0 48
   49 A 48 50 0 49
   50 A 49 51 25 50
   51 G 50 52 24 51
   52 A 51 53 23 52
   53 A 52 54 22 53
   54 U 53 55 21 54
   55 A 54 56 20 55
   56 G 55 57 19 56
   57 G 56 58 18 57
   58 C 57 59 17 58
   59 A 58 60 16 59
   60 U 59 61 11 60
   61 U 60 62 0 61
   62 U 61 63 0 62
   63 G 62 64 0 63
   64 A 63 65 0 64
   65 C 64 66 10 65
   66 G 65 67 9 66
   67 A 66 68 8 67
   68 C 67 69 0 68
   69 C 68 70 0 69
   70 A 69 71 0 70
   71 A 70 72 0 71
   72 G 71 73 0 72
   73 C 72 74 116 73
   74 C 73 75 115 74
   75 G 74 76 114 75
   76 G 75 77 113 76
   77 U 76 78 112 77
   78 A 77 79 111 78
   79 U 78 80 110 79
   80 G 79 81 0 80
   81 G 80 82 109 81
   82 U 81 83 106 82
   83 A 82 84 105 83
   84 A 83 85 104 84
   85 G 84 86 0 85
   86 C 85 87 0 86
   87 A 86 88 0 87
   88 G 87 89 103 88
   89 G 88 90 99 89
   90 G 89 91 98 90
   91 C 90 92 97 91
   92 G 91 93 0 92
   93 A 92 94 0 93
   94 U 93 95 0 94
   95 A 94 96 0 95
   96 G 95 97 0 96
   97 C 96 98 91 97
   98 C 97 99 90 98
   99 C 98 100 89 99
  100 G 99 101 0 100
  101 G 100 102 0 101
  102 A 101 103 0 102
  103 U 102 104 88 103
  104 U 103 105 84 104
  105 A 104 106 83 105
  106 C 105 107 82 106
  107 G 106 108 0 107
  108 A 107 109 0 108
  109 A 108 110 81 109
  110 U 109 111 79 110
  111 G 110 112 78 111
  112 C 111 113 77 112
  113 U 112 114 76 113
  114 G 113 115 75 114
  115 G 114 116 74 115
  116 C 115 117 73 116
  117 G 116 118 0 117
  118 G 117 119 0 118
  119 U 118 120 152 119
  120 A 119 121 151 120
  121 G 120 122 150 121
  122 C 121 123 149 122
  123 U 122 124 148 123
  124 G 123 125 147 124
  125 C 124 126 146 125
  126 G 125 127 0 126
  127 G 126 128 0 127
  128 G 127 129 0 128
  129 A 128 130 0 129
  130 G 129 131 142 130
  131 U 130 132 141 131
  132 G 131 133 140 132
  133 C 132 134 139 133
  134 C 133 135 0 134
  135 G 134 136 0 135
  136 A 135 137 0 136
  137 A 136 138 0 137
  138 G 137 139 0 138
  139 C 138 140 133 139
  140 C 139 141 132 140
  141 A 140 142 131 141
  142 C 141 143 130 142
  143 G 142 144 0 143
  144 G 143 145 0 144
  145 A 144 146 0 145
  146 G 145 147 125 146
  147 C 146 148 124 147
  148 A 147 149 123 148
  149 G 148 150 122 149
  150 C 149 151 121 150
  151 U 150 152 120 151
  152 G 151 153 119 152
  153 G 152 154 7 153
  154 C 153 155 6 154
  155 U 154 156 5 155
  156 U 155 157 4 156
  157 U 156 158 3 157
  158 C 157 159 2 158
  159 A 158 160 0 159