    192 Energy = 0   RF00379_BA000030.3_4296121-4296312
    1 G 0 2 0 1
    2 C 1 3 0 2
    3 G 2 4 0 3
    4 C 3 5 0 4
    5 G 4 6 0 5
    6 G 5 7 0 6
    7 C 6 8 0 7
    8 C 7 9 0 8
    9 U 8 10 0 9
   10 C 9 11 0 10
   11 C 10 12 177 11
   12 G 11 13 176 12
   13 C 12 14 175 13
   14 C 13 15 174 14
   15 G 14 16 0 15
   16 A 15 17 0 16
   17 G 16 18 0 17
   18 U 17 19 44 18
   19 C 18 20 43 19
   20 C 19 21 42 20
   21 G 20 22 0 21
   22 G 21 23 0 22
   23 C 22 24 0 23
   24 G 23 25 0 24
   25 U 24 26 0 25
   26 G 25 27 0 26
   27 C 26 28 0 27
   28 C 27 29 0 28
   29 G 28 30 0 29
   30 C 29 31 0 30
   31 C 30 32 0 31
   32 C 31 33 0 32
   33 G 32 34 0 33
   34 U 33 35 0 34
   35 G 34 36 0 35
   36 G 35 37 0 36
   37 C 36 38 0 37
   38 A 37 39 0 38
   39 G 38 40 0 39
   40 C 39 41 0 40
   41 U 40 42 0 41
   42 G 41 43 20 42
   43 G 42 44 19 43
   44 A 43 45 18 44
   45 G 44 46 172 45
   46 C 45 47 171 46
   47 C 46 48 170 47
   48 G 47 49 169 48
   49 G 48 50 168 49
   50 G 49 51 167 50
   51 G 50 52 0 51
   52 A 51 53 0 52
   53 C 52 54 0 53
   54 C 53 55 0 54
   55 C 54 56 66 55
   56 A 55 57 65 56
   57 A 56 58 0 57
   58 C 57 59 0 58
   59 C 58 60 0 59
   60 G 59 61 0 60
   61 A 60 62 0 61
   62 C 61 63 0 62
   63 C 62 64 0 63
   64 U 63 65 0 64
   65 C 64 66 56 65
   66 G 65 67 55 66
   67 G 66 68 157 67
   68 G 67 69 156 68
   69 G 68 70 155 69
   70 U 69 71 0 70
   71 G 70 72 0 71
   72 A 71 73 0 72
   73 A 72 74 0 73
   74 U 73 75 0 74
   75 C 74 76 123 75
   76 G 75 77 122 76
   77 G 76 78 121 77
   78 C 77 79 120 78
   79 U 78 80 0 79
   80 C 79 81 0 80
   81 A 80 82 0 81
   82 G 81 83 0 82
   83 C 82 84 0 83
   84 C 83 85 0 84
   85 G 84 86 0 85
   86 C 85 87 0 86
   87 C 86 88 0 87
   88 U 87 89 0 88
   89 U 88 90 0 89
   90 G 89 91 0 90
   91 A 90 92 0 91
   92 A 91 93 0 92
   93 G 92 94 0 93
   94 G 93 95 0 94
   95 G 94 96 0 95
   96 C 95 97 0 96
   97 U 96 98 0 97
   98 U 97 99 0 98
   99 C 98 100 0 99
  100 A 99 101 0 100
  101 A 100 102 0 101
  102 C 101 103 0 102
  103 C 102 104 0 103
  104 G 103 105 0 104
  105 C 104 106 0 105
  106 C 105 107 0 106
  107 U 106 108 0 107
  108 U 107 109 0 108
  109 G 108 110 0 109
  110 A 109 111 0 110
  111 A 110 112 0 111
  112 G 111 113 0 112
  113 G 112 114 0 113
  114 G 113 115 0 114
  115 C 114 116 0 115
  116 A 115 117 0 116
  117 A 116 118 0 117
  118 C 117 119 0 118
  119 G 118 120 0 119
  120 A 119 121 78 120
  121 C 120 122 77 121
  122 C 121 123 76 122
  123 G 122 124 75 123
  124 U 123 125 0 124
  125 A 124 126 0 125
  126 G 125 127 151 126
  127 G 126 128 150 127
  128 G 127 129 149 128
  129 C 128 130 148 129
  130 A 129 131 0 130
  131 A 130 132 0 131
  132 A 131 133 0 132
  133 C 132 134 0 133
  134 C 133 135 0 134
  135 U 134 136 0 135
  136 U 135 137 0 136
  137 C 136 138 0 137
  138 C 137 139 0 138
  139 G 138 140 0 139
  140 A 139 141 0 140
  141 A 140 142 0 141
  142 G 141 143 0 142
  143 C 142 144 0 143
  144 A 143 145 0 144
  145 C 144 146 0 145
  146 G 145 147 0 146
  147 C 146 148 0 147
  148 G 147 149 129 148
  149 C 148 150 128 149
  150 C 149 151 127 150
  151 C 150 152 126 151
  152 G 151 153 0 152
  153 A 152 154 0 153
  154 A 153 155 0 154
  155 C 154 156 69 155
  156 C 155 157 68 156
  157 C 156 158 67 157
  158 G 157 159 0 158
  159 A 158 160 0 159
  160 C 159 161 0 160
  161 A 160 162 0 161
  162 G 161 163 0 162
  163 C 162 164 0 163
  164 U 163 165 0 164
  165 A 164 166 0 165
  166 A 165 167 0 166
  167 C 166 168 50 167
  168 U 167 169 49 168
  169 C 168 170 48 169
  170 G 169 171 47 170
  171 G 170 172 46 171
  172 U 171 173 45 172
  173 A 172 174 0 173
  174 G 173 175 14 174
  175 G 174 176 13 175
  176 C 175 177 12 176
  177 G 176 178 11 177
  178 G 177 179 0 178
  179 A 178 180 0 179
  180 A 179 181 0 180
  181 C 180 182 0 181
  182 A 181 183 0 182
  183 C 182 184 0 183
  184 G 183 185 0 184
  185 G 184 186 0 185
  186 A 185 187 0 186
  187 A 186 188 0 187
  188 G 187 189 0 188
  189 G 188 190 0 189
  190 A 189 191 0 190
  191 G 190 192 0 191
  192 A 191 193 0 192