    163 Energy = 0   RF02001_CP001634.1_1526530-1526692
    1 U 0 2 0 1
    2 C 1 3 15 2
    3 A 2 4 14 3
    4 C 3 5 13 4
    5 U 4 6 12 5
    6 G 5 7 11 6
    7 G 6 8 0 7
    8 U 7 9 0 8
    9 A 8 10 0 9
   10 A 9 11 0 10
   11 C 10 12 6 11
   12 G 11 13 5 12
   13 G 12 14 4 13
   14 U 13 15 3 14
   15 G 14 16 2 15
   16 A 15 17 0 16
   17 A 16 18 0 17
   18 U 17 19 0 18
   19 C 18 20 0 19
   20 U 19 21 0 20
   21 G 20 22 0 21
   22 A 21 23 0 22
   23 A 22 24 0 23
   24 G 23 25 0 24
   25 G 24 26 0 25
   26 A 25 27 0 26
   27 A 26 28 0 27
   28 G 27 29 163 28
   29 C 28 30 162 29
   30 C 29 31 161 30
   31 U 30 32 160 31
   32 A 31 33 159 32
   33 A 32 34 0 33
   34 G 33 35 0 34
   35 G 34 36 156 35
   36 C 35 37 155 36
   37 A 36 38 0 37
   38 A 37 39 0 38
   39 A 38 40 0 39
   40 A 39 41 151 40
   41 U 40 42 150 41
   42 C 41 43 149 42
   43 U 42 44 148 43
   44 G 43 45 147 44
   45 G 44 46 146 45
   46 A 45 47 142 46
   47 A 46 48 141 47
   48 C 47 49 140 48
   49 U 48 50 139 49
   50 G 49 51 138 50
   51 A 50 52 0 51
   52 A 51 53 0 52
   53 C 52 54 0 53
   54 G 53 55 0 54
   55 A 54 56 0 55
   56 A 55 57 0 56
   57 A 56 58 0 57
   58 G 57 59 0 58
   59 U 58 60 0 59
   60 G 59 61 0 60
   61 A 60 62 0 61
   62 C 61 63 137 62
   63 C 62 64 136 63
   64 A 63 65 135 64
   65 G 64 66 134 65
   66 U 65 67 132 66
   67 G 66 68 0 67
   68 U 67 69 0 68
   69 U 68 70 0 69
   70 G 69 71 0 70
   71 G 70 72 129 71
   72 C 71 73 128 72
   73 C 72 74 127 73
   74 G 73 75 0 74
   75 G 74 76 125 75
   76 U 75 77 124 76
   77 A 76 78 123 77
   78 G 77 79 122 78
   79 A 78 80 121 79
   80 G 79 81 120 80
   81 U 80 82 119 81
   82 G 81 83 110 82
   83 G 82 84 109 83
   84 G 83 85 108 84
   85 U 84 86 107 85
   86 A 85 87 0 86
   87 A 86 88 0 87
   88 C 87 89 103 88
   89 C 88 90 102 89
   90 U 89 91 101 90
   91 U 90 92 100 91
   92 G 91 93 0 92
   93 C 92 94 0 93
   94 C 93 95 0 94
   95 G 94 96 0 95
   96 U 95 97 0 96
   97 G 96 98 0 97
   98 U 97 99 0 98
   99 A 98 100 0 99
  100 U 99 101 91 100
  101 G 100 102 90 101
  102 G 101 103 89 102
  103 G 102 104 88 103
  104 G 103 105 0 104
  105 A 104 106 0 105
  106 A 105 107 0 106
  107 G 106 108 85 107
  108 C 107 109 84 108
  109 C 108 110 83 109
  110 C 109 111 82 110
  111 G 110 112 0 111
  112 A 111 113 0 112
  113 G 112 114 0 113
  114 C 113 115 0 114
  115 U 114 116 0 115
  116 C 115 117 0 116
  117 C 116 118 0 117
  118 A 117 119 0 118
  119 A 118 120 81 119
  120 C 119 121 80 120
  121 U 120 122 79 121
  122 C 121 123 78 122
  123 U 122 124 77 123
  124 A 123 125 76 124
  125 C 124 126 75 125
  126 A 125 127 0 126
  127 G 126 128 73 127
  128 G 127 129 72 128
  129 U 128 130 71 129
  130 U 129 131 0 130
  131 U 130 132 0 131
  132 G 131 133 66 132
  133 G 132 134 0 133
  134 A 133 135 65 134
  135 U 134 136 64 135
  136 G 135 137 63 136
  137 G 136 138 62 137
  138 C 137 139 50 138
  139 A 138 140 49 139
  140 G 139 141 48 140
  141 A 140 142 47 141
  142 C 141 143 46 142
  143 G 142 144 0 143
  144 A 143 145 0 144
  145 A 144 146 0 145
  146 C 145 147 45 146
  147 C 146 148 44 147
  148 C 147 149 43 148
  149 G 148 150 42 149
  150 U 149 151 41 150
  151 A 150 152 40 151
  152 G 151 153 0 152
  153 U 152 154 0 153
  154 A 153 155 0 154
  155 G 154 156 36 155
  156 U 155 157 35 156
  157 G 156 158 0 157
  158 U 157 159 0 158
  159 U 158 160 32 159
  160 G 159 161 31 160
  161 A 160 162 30 161
  162 A 161 163 29 162
  163 C 162 164 28 163