   69 Energy = 0   4TZX
   1 G 0 2 69 1
   2 A 1 3 68 2
   3 A 2 4 67 3
   4 G 3 5 66 4
   5 A 4 6 65 5
   6 U 5 7 64 6
   7 A 6 8 63 7
   8 U 7 9 40 8
   9 A 8 10 0 9
  10 A 9 11 0 10
  11 U 10 12 33 11
  12 C 11 13 32 12
  13 C 12 14 31 13
  14 U 13 15 30 14
  15 A 14 16 29 15
  16 A 15 17 28 16
  17 U 16 18 27 17
  18 G 17 19 0 18
  19 A 18 20 54 19
  20 U 19 21 53 20
  21 A 20 22 0 21
  22 U 21 23 0 22
  23 G 22 24 49 23
  24 G 23 25 48 24
  25 U 24 26 19 25
  26 U 25 27 18 26
  27 U 26 28 17 27
  28 G 27 29 16 28
  29 G 28 30 15 29
  30 G 29 31 14 30
  31 A 30 32 13 31
  32 G 31 33 41 32
  33 U 32 34 0 33
  34 U 33 35 0 34
  35 U 34 36 0 35
  36 C 35 37 0 36
  37 U 36 38 0 37
  38 A 37 39 10 38
  39 C 38 40 34 39
  40 C 39 41 60 40
  41 A 40 42 59 41
  42 A 41 43 58 42
  43 G 42 44 57 43
  44 A 43 45 56 44
  45 G 44 46 55 45
  46 C 45 47 26 46
  47 C 46 48 25 47
  48 U 47 49 0 48
  49 U 48 50 0 49
  50 A 49 51 0 50
  51 A 50 52 22 51
  52 A 51 53 21 52
  53 C 52 54 47 53
  54 U 53 55 46 54
  55 C 54 56 45 55
  56 U 55 57 44 56
  57 U 56 58 43 57
  58 G 57 59 42 58
  59 A 58 60 0 59
  60 U 59 61 0 60
  61 U 60 62 9 61
  62 A 61 63 8 62
  63 U 62 64 7 63
  64 C 63 65 6 64
  65 U 64 66 5 65
  66 U 65 67 4 66
  67 C 66 68 3 67
  68 C 67 69 2 68
  69 C 68 70 1 69