   83 Energy = 0   RF01786_CP000721.1_4868650-4868568
   1 U 0 2 0 1
   2 G 1 3 81 2
   3 U 2 4 80 3
   4 C 3 5 79 4
   5 A 4 6 77 5
   6 U 5 7 76 6
   7 A 6 8 0 7
   8 A 7 9 75 8
   9 G 8 10 74 9
  10 G 9 11 73 10
  11 A 10 12 0 11
  12 A 11 13 58 12
  13 A 12 14 57 13
  14 C 13 15 56 14
  15 U 14 16 0 15
  16 U 15 17 0 16
  17 U 16 18 0 17
  18 G 17 19 0 18
  19 A 18 20 0 19
  20 U 19 21 0 20
  21 C 20 22 52 21
  22 C 21 23 51 22
  23 A 22 24 50 23
  24 U 23 25 49 24
  25 A 24 26 48 25
  26 U 25 27 47 26
  27 A 26 28 46 27
  28 U 27 29 45 28
  29 U 28 30 0 29
  30 U 29 31 0 30
  31 U 30 32 0 31
  32 A 31 33 0 32
  33 A 32 34 0 33
  34 U 33 35 0 34
  35 U 34 36 0 35
  36 G 35 37 70 36
  37 G 36 38 69 37
  38 G 37 39 66 38
  39 C 38 40 65 39
  40 A 39 41 64 40
  41 C 40 42 63 41
  42 U 41 43 62 42
  43 U 42 44 0 43
  44 U 43 45 0 44
  45 A 44 46 28 45
  46 U 45 47 27 46
  47 A 46 48 26 47
  48 U 47 49 25 48
  49 A 48 50 24 49
  50 U 49 51 23 50
  51 G 50 52 22 51
  52 G 51 53 21 52
  53 U 52 54 0 53
  54 G 53 55 0 54
  55 A 54 56 0 55
  56 G 55 57 14 56
  57 U 56 58 13 57
  58 U 57 59 12 58
  59 A 58 60 0 59
  60 G 59 61 0 60
  61 U 60 62 0 61
  62 A 61 63 42 62
  63 G 62 64 41 63
  64 U 63 65 40 64
  65 G 64 66 39 65
  66 C 65 67 38 66
  67 A 66 68 0 67
  68 A 67 69 0 68
  69 C 68 70 37 69
  70 C 69 71 36 70
  71 G 70 72 0 71
  72 A 71 73 0 72
  73 C 72 74 10 73
  74 C 73 75 9 74
  75 U 74 76 8 75
  76 U 75 77 6 76
  77 U 76 78 5 77
  78 A 77 79 0 78
  79 U 78 80 4 79
  80 A 79 81 3 80
  81 U 80 82 2 81
  82 U 81 83 0 82
  83 U 82 84 0 83