   55 Energy = 0   RF01704_AACY022307030.1_63-117
   1 A 0 2 0 1
   2 C 1 3 0 2
   3 A 2 4 0 3
   4 C 3 5 45 4
   5 G 4 6 44 5
   6 U 5 7 43 6
   7 U 6 8 42 7
   8 G 7 9 41 8
   9 A 8 10 0 9
  10 G 9 11 0 10
  11 C 10 12 21 11
  12 C 11 13 20 12
  13 C 12 14 19 13
  14 A 13 15 0 14
  15 C 14 16 0 15
  16 C 15 17 0 16
  17 A 16 18 0 17
  18 G 17 19 0 18
  19 G 18 20 13 19
  20 G 19 21 12 20
  21 C 20 22 11 21
  22 U 21 23 0 22
  23 G 22 24 0 23
  24 C 23 25 0 24
  25 A 24 26 0 25
  26 C 25 27 0 26
  27 A 26 28 0 27
  28 C 27 29 0 28
  29 A 28 30 0 29
  30 A 29 31 55 30
  31 A 30 32 54 31
  32 C 31 33 53 32
  33 C 32 34 52 33
  34 A 33 35 51 34
  35 A 34 36 50 35
  36 C 35 37 48 36
  37 C 36 38 47 37
  38 A 37 39 0 38
  39 A 38 40 0 39
  40 G 39 41 0 40
  41 C 40 42 8 41
  42 A 41 43 7 42
  43 A 42 44 6 43
  44 C 43 45 5 44
  45 G 44 46 4 45
  46 G 45 47 0 46
  47 G 46 48 37 47
  48 G 47 49 36 48
  49 G 48 50 0 49
  50 U 49 51 35 50
  51 U 50 52 34 51
  52 G 51 53 33 52
  53 G 52 54 32 53
  54 G 53 55 31 54
  55 U 54 56 30 55