# bpRNA File:bpRNA_CRW_19262.ct
# Original Source:Gutell Lab CRW (http://www.rna.ccbb.utexas.edu/DAT/3C/SBPI/index.php); Original File:DQ156149.ct; Accession ID:DQ156149;
   45 Energy = 0   Eukaryotic/DQ156149
   1 A 0 2 0 1
   2 A 1 3 0 2
   3 G 2 4 0 3
   4 C 3 5 0 4
   5 U 4 6 0 5
   6 G 5 7 0 6
   7 A 6 8 0 7
   8 G 7 9 0 8
   9 C 8 10 0 9
  10 A 9 11 0 10
  11 U 10 12 0 11
  12 G 11 13 0 12
  13 G 12 14 0 13
  14 C 13 15 0 14
  15 U 14 16 0 15
  16 G 15 17 0 16
  17 G 16 18 0 17
  18 G 17 19 0 18
  19 C 18 20 0 19
  20 U 19 21 0 20
  21 U 20 22 0 21
  22 G 21 23 0 22
  23 G 22 24 0 23
  24 U 23 25 0 24
  25 U 24 26 0 25
  26 A 25 27 0 26
  27 A 26 28 0 27
  28 A 27 29 0 28
  29 A 28 30 0 29
  30 C 29 31 0 30
  31 C 30 32 0 31
  32 C 31 33 0 32
  33 U 32 34 0 33
  34 G 33 35 0 34
  35 G 34 36 0 35
  36 A 35 37 0 36
  37 U 36 38 0 37
  38 G 37 39 45 38
  39 G 38 40 44 39
  40 G 39 41 0 40
  41 A 40 42 0 41
  42 G 41 43 0 42
  43 A 42 44 0 43
  44 C 43 45 39 44
  45 C 44 46 38 45