   40 Energy = 0   RF02263_ABRR01179265.1_6700-6739
   1 A 0 2 0 1
   2 C 1 3 37 2
   3 U 2 4 36 3
   4 G 3 5 35 4
   5 A 4 6 34 5
   6 G 5 7 33 6
   7 G 6 8 31 7
   8 U 7 9 30 8
   9 U 8 10 0 9
  10 G 9 11 29 10
  11 G 10 12 28 11
  12 C 11 13 27 12
  13 A 12 14 0 13
  14 U 13 15 0 14
  15 G 14 16 0 15
  16 A 15 17 0 16
  17 G 16 18 0 17
  18 U 17 19 0 18
  19 A 18 20 0 19
  20 C 19 21 0 20
  21 A 20 22 0 21
  22 A 21 23 0 22
  23 G 22 24 0 23
  24 G 23 25 0 24
  25 A 24 26 0 25
  26 A 25 27 0 26
  27 G 26 28 12 27
  28 C 27 29 11 28
  29 U 28 30 10 29
  30 A 29 31 8 30
  31 U 30 32 7 31
  32 C 31 33 0 32
  33 A 32 34 6 33
  34 U 33 35 5 34
  35 C 34 36 4 35
  36 U 35 37 3 36
  37 C 36 38 2 37
  38 A 37 39 0 38
  39 A 38 40 0 39
  40 A 39 41 0 40