   33 Energy = 0   4FNJ
   1 G 0 2 33 1
   2 C 1 3 32 2
   3 U 2 4 0 3
   4 G 3 5 30 4
   5 G 4 6 29 5
   6 C 5 7 28 6
   7 U 6 8 26 7
   8 A 7 9 0 8
   9 A 8 10 27 9
  10 G 9 11 25 10
  11 G 10 12 24 11
  12 C 11 13 23 12
  13 A 12 14 22 13
  14 U 13 15 21 14
  15 G 14 16 20 15
  16 A 15 17 0 16
  17 A 16 18 0 17
  18 A 17 19 17 18
  19 G 18 20 16 19
  20 U 19 21 15 20
  21 G 20 22 14 21
  22 C 21 23 13 22
  23 U 22 24 12 23
  24 A 23 25 9 24
  25 U 24 26 11 25
  26 G 25 27 8 26
  27 C 26 28 7 27
  28 C 27 29 6 28
  29 U 28 30 0 29
  30 G 29 31 4 30
  31 C 30 32 3 31
  32 U 31 33 2 32
  33 G 32 34 1 33