   34 Energy = 0   2TPK
   1 U 0 2 20 1
   2 G 1 3 19 2
   3 A 2 4 18 3
   4 C 3 5 17 4
   5 C 4 6 16 5
   6 A 5 7 0 6
   7 G 6 8 34 7
   8 C 7 9 33 8
   9 U 8 10 32 9
  10 A 9 11 31 10
  11 U 10 12 30 11
  12 G 11 13 29 12
  13 A 12 14 28 13
  14 G 13 15 7 14
  15 G 14 16 6 15
  16 U 15 17 5 16
  17 C 16 18 4 17
  18 A 17 19 3 18
  19 U 18 20 0 19
  20 A 19 21 0 20
  21 C 20 22 0 21
  22 A 21 23 0 22
  23 U 22 24 0 23
  24 C 23 25 0 24
  25 G 24 26 0 25
  26 U 25 27 15 26
  27 C 26 28 14 27
  28 A 27 29 13 28
  29 U 28 30 12 29
  30 A 29 31 11 30
  31 G 30 32 10 31
  32 C 31 33 9 32
  33 A 32 34 0 33
  34 C 33 35 0 34