   46 Energy = 0   2M8K
   1 U 0 2 26 1
   2 U 1 3 25 2
   3 U 2 4 24 3
   4 C 3 5 0 4
   5 U 4 6 0 5
   6 U 5 7 0 6
   7 U 6 8 0 7
   8 U 7 9 0 8
   9 U 8 10 0 9
  10 A 9 11 47 10
  11 G 10 12 46 11
  12 U 11 13 45 12
  13 G 12 14 44 13
  14 A 13 15 43 14
  15 U 14 16 42 15
  16 U 15 17 41 16
  17 U 16 18 40 17
  18 U 17 19 39 18
  19 U 18 20 38 19
  20 C 19 21 36 20
  21 C 20 22 34 21
  22 A 21 23 5 22
  23 A 22 24 4 23
  24 A 23 25 3 24
  25 C 24 26 2 25
  26 C 25 27 1 26
  27 C 26 28 0 27
  28 C 27 29 0 28
  29 U 28 30 0 29
  30 U 29 31 0 30
  31 U 30 32 0 31
  32 G 31 33 23 32
  33 U 32 34 0 33
  34 G 33 35 22 34
  35 C 34 36 0 35
  36 A 35 37 21 36
  37 A 36 38 20 37
  38 A 37 39 19 38
  39 A 38 40 18 39
  40 A 39 41 17 40
  41 U 40 42 16 41
  42 C 41 43 15 42
  43 A 42 44 14 43
  44 U 43 45 13 44
  45 U 44 46 12 45
  46 A 45 47 0 46