   32 Energy = 0   5LWJ
   1 C 0 2 32 1
   2 A 1 3 31 2
   3 G 2 4 30 3
   4 C 3 5 29 4
   5 C 4 6 28 5
   6 A 5 7 27 6
   7 G 6 8 11 7
   8 A 7 9 0 8
   9 A 8 10 9 9
  10 G 9 11 23 10
  11 A 10 12 0 11
  12 G 11 13 25 12
  13 C 12 14 24 13
  14 A 13 15 0 14
  15 C 14 16 0 15
  16 G 15 17 20 16
  17 U 16 18 0 17
  18 A 17 19 18 18
  19 U 18 20 0 19
  20 A 19 21 0 20
  21 C 20 22 12 21
  22 G 21 23 15 22
  23 C 22 24 14 23
  24 A 23 25 0 24
  25 A 24 26 8 25
  26 G 25 27 7 26
  27 G 26 28 6 27
  28 C 27 29 5 28
  29 U 28 30 4 29
  30 G 29 31 3 30
  31 U 30 32 2 31
  32 C 31 33 1 32