# bpRNA File:bpRNA_CRW_46850.ct
# Original Source:Gutell Lab CRW (http://www.rna.ccbb.utexas.edu/DAT/3C/SBPI/index.php); Original File:AJ404904_a.ct; Accession ID:AJ404904;
   48 Energy = 0   tRNAs/Phenylalanine/AJ404904_a
   1 C 0 2 0 1
   2 A 1 3 0 2
   3 C 2 4 0 3
   4 G 3 5 0 4
   5 G 4 6 0 5
   6 G 5 7 0 6
   7 A 6 8 0 7
   8 A 7 9 0 8
   9 A 8 10 0 9
  10 U 9 11 0 10
  11 G 10 12 0 11
  12 G 11 13 0 12
  13 U 12 14 0 13
  14 C 13 15 0 14
  15 G 14 16 0 15
  16 G 15 17 0 16
  17 G 16 18 0 17
  18 A 17 19 0 18
  19 U 18 20 0 19
  20 A 19 21 0 20
  21 G 20 22 36 21
  22 C 21 23 35 22
  23 U 22 24 34 23
  24 C 23 25 33 24
  25 A 24 26 0 25
  26 G 25 27 0 26
  27 U 26 28 0 27
  28 U 27 29 0 28
  29 G 28 30 0 29
  30 G 29 31 0 30
  31 U 30 32 0 31
  32 A 31 33 0 32
  33 G 32 34 24 33
  34 A 33 35 23 34
  35 G 34 36 22 35
  36 C 35 37 21 36
  37 A 36 38 0 37
  38 G 37 39 0 38
  39 A 38 40 0 39
  40 G 39 41 0 40
  41 A 40 42 0 41
  42 A 41 43 0 42
  43 G 42 44 0 43
  44 C 43 45 0 44
  45 U 44 46 0 45
  46 G 45 47 0 46
  47 A 46 48 0 47
  48 A 47 49 0 48