# bpRNA File:bpRNA_CRW_34873.ct
# Original Source:Gutell Lab CRW (http://www.rna.ccbb.utexas.edu/DAT/3C/SBPI/index.php); Original File:AF524968.ct; Accession ID:AF524968;
   50 Energy = 0   tRNAs/Histidine/AF524968
   1 G 0 2 0 1
   2 G 1 3 0 2
   3 C 2 4 0 3
   4 G 3 5 0 4
   5 G 4 6 0 5
   6 A 5 7 0 6
   7 U 6 8 0 7
   8 G 7 9 0 8
   9 U 8 10 0 9
  10 A 9 11 0 10
  11 G 10 12 27 11
  12 C 11 13 26 12
  13 C 12 14 25 13
  14 A 13 15 24 14
  15 A 14 16 0 15
  16 G 15 17 0 16
  17 U 16 18 0 17
  18 G 17 19 0 18
  19 G 18 20 0 19
  20 A 19 21 0 20
  21 U 20 22 0 21
  22 C 21 23 0 22
  23 A 22 24 0 23
  24 A 23 25 14 24
  25 G 24 26 13 25
  26 G 25 27 12 26
  27 C 26 28 11 27
  28 A 27 29 46 28
  29 G 28 30 45 29
  30 U 29 31 0 30
  31 G 30 32 44 31
  32 G 31 33 43 32
  33 A 32 34 42 33
  34 U 33 35 0 34
  35 U 34 36 0 35
  36 U 35 37 0 36
  37 G 36 38 0 37
  38 U 37 39 0 38
  39 G 38 40 0 39
  40 A 39 41 0 40
  41 A 40 42 0 41
  42 U 41 43 33 42
  43 C 42 44 32 43
  44 C 43 45 31 44
  45 C 44 46 29 45
  46 C 45 47 28 46
  47 A 46 48 0 47
  48 G 47 49 0 48
  49 C 48 50 0 49
  50 C 49 51 0 50