# bpRNA File:bpRNA_CRW_54325.ct
# Original Source:Gutell Lab CRW (http://www.rna.ccbb.utexas.edu/DAT/3C/SBPI/index.php); Original File:X70810.ct; Accession ID:X70810;
   49 Energy = 0   tRNAs/Tryptophan/X70810
   1 C 0 2 0 1
   2 G 1 3 20 2
   3 U 2 4 19 3
   4 A 3 5 18 4
   5 G 4 6 17 5
   6 G 5 7 16 6
   7 U 6 8 15 7
   8 C 7 9 0 8
   9 U 8 10 0 9
  10 C 9 11 0 10
  11 C 10 12 0 11
  12 A 11 13 0 12
  13 A 12 14 0 13
  14 A 13 15 0 14
  15 A 14 16 7 15
  16 C 15 17 6 16
  17 C 16 18 5 17
  18 U 17 19 4 18
  19 G 18 20 3 19
  20 A 19 21 2 20
  21 U 20 22 0 21
  22 G 21 23 0 22
  23 U 22 24 0 23
  24 A 23 25 0 24
  25 G 24 26 41 25
  26 U 25 27 40 26
  27 A 26 28 39 27
  28 G 27 29 38 28
  29 G 28 30 37 29
  30 U 29 31 0 30
  31 U 30 32 0 31
  32 C 31 33 0 32
  33 G 32 34 0 33
  34 A 33 35 0 34
  35 A 34 36 0 35
  36 U 35 37 0 36
  37 C 36 38 29 37
  38 C 37 39 28 38
  39 U 38 40 27 39
  40 A 39 41 26 40
  41 C 40 42 25 41
  42 A 41 43 0 42
  43 A 42 44 0 43
  44 A 43 45 0 44
  45 G 44 46 0 45
  46 C 45 47 0 46
  47 G 46 48 0 47
  48 C 47 49 0 48
  49 G 48 50 0 49