# bpRNA File:bpRNA_CRW_45042.ct
# Original Source:Gutell Lab CRW (http://www.rna.ccbb.utexas.edu/DAT/3C/SBPI/index.php); Original File:AB271763.ct; Accession ID:AB271763;
   45 Energy = 0   tRNAs/Phenylalanine/AB271763
   1 G 0 2 11 1
   2 A 1 3 10 2
   3 C 2 4 0 3
   4 U 3 5 0 4
   5 G 4 6 0 5
   6 A 5 7 0 6
   7 A 6 8 0 7
   8 A 7 9 0 8
   9 A 8 10 0 9
  10 U 9 11 2 10
  11 C 10 12 1 11
  12 C 11 13 0 12
  13 U 12 14 0 13
  14 C 13 15 0 14
  15 G 14 16 0 15
  16 U 15 17 0 16
  17 G 16 18 0 17
  18 U 17 19 0 18
  19 C 18 20 0 19
  20 A 19 21 36 20
  21 C 20 22 35 21
  22 C 21 23 34 22
  23 A 22 24 33 23
  24 G 23 25 32 24
  25 U 24 26 0 25
  26 U 25 27 0 26
  27 C 26 28 0 27
  28 A 27 29 0 28
  29 A 28 30 0 29
  30 A 29 31 0 30
  31 U 30 32 0 31
  32 C 31 33 24 32
  33 U 32 34 23 33
  34 G 33 35 22 34
  35 G 34 36 21 35
  36 U 35 37 20 36
  37 U 36 38 0 37
  38 C 37 39 0 38
  39 U 38 40 0 39
  40 U 39 41 0 40
  41 G 40 42 0 41
  42 G 41 43 0 42
  43 C 42 44 0 43
  44 A 43 45 0 44
  45 U 44 46 0 45