   35 Energy = 0   RF01834_AF361320.1_1266-1300
   1 G 0 2 0 1
   2 G 1 3 17 2
   3 G 2 4 16 3
   4 G 3 5 15 4
   5 C 4 6 14 5
   6 U 5 7 0 6
   7 A 6 8 0 7
   8 G 7 9 35 8
   9 C 8 10 34 9
  10 U 9 11 33 10
  11 G 10 12 32 11
  12 C 11 13 31 12
  13 A 12 14 30 13
  14 G 13 15 5 14
  15 C 14 16 4 15
  16 C 15 17 3 16
  17 C 16 18 2 17
  18 C 17 19 0 18
  19 A 18 20 0 19
  20 G 19 21 0 20
  21 U 20 22 0 21
  22 G 21 23 0 22
  23 A 22 24 0 23
  24 A 23 25 0 24
  25 C 24 26 0 25
  26 C 25 27 0 26
  27 A 26 28 0 27
  28 A 27 29 0 28
  29 G 28 30 0 29
  30 U 29 31 13 30
  31 G 30 32 12 31
  32 C 31 33 11 32
  33 A 32 34 10 33
  34 G 33 35 9 34
  35 C 34 36 8 35