   1 C 0 2 0 1
   2 G 1 3 21 2
   3 A 2 4 20 3
   4 A 3 5 18 4
   5 U 4 6 17 5
   6 U 5 7 0 6
   7 C 6 8 0 7
   8 A 7 9 0 8
   9 A 8 10 0 9
  10 G 9 11 35 10
  11 C 10 12 34 11
  12 A 11 13 33 12
  13 A 12 14 32 13
  14 U 13 15 31 14
  15 C 14 16 0 15
  16 A 15 17 0 16
  17 A 16 18 5 17
  18 G 17 19 4 18
  19 C 18 20 0 19
  20 A 19 21 3 20
  21 U 20 22 2 21
  22 U 21 23 0 22
  23 C 22 24 0 23
  24 A 23 25 0 24
  25 A 24 26 0 25
  26 G 25 27 0 26
  27 C 26 28 0 27
  28 G 27 29 0 28
  29 C 28 30 0 29
  30 U 29 31 0 30
  31 C 30 32 14 31
  32 U 31 33 13 32
  33 U 32 34 12 33
  34 U 33 35 11 34
  35 U 34 36 10 35
  36 A 35 37 0 36