   1 G 0 2 0 1
   2 G 1 3 0 2
   3 C 2 4 16 3
   4 G 3 5 15 4
   5 U 4 6 14 5
   6 C 5 7 0 6
   7 C 6 8 28 7
   8 C 7 9 27 8
   9 G 8 10 26 9
  10 C 9 11 25 10
  11 A 10 12 24 11
  12 G 11 13 23 12
  13 U 12 14 22 13
  14 A 13 15 5 14
  15 C 14 16 4 15
  16 G 15 17 3 16
  17 U 16 18 0 17
  18 U 17 19 0 18
  19 U 18 20 0 19
  20 A 19 21 0 20
  21 A 20 22 0 21
  22 A 21 23 13 22
  23 C 22 24 12 23
  24 U 23 25 11 24
  25 G 24 26 10 25
  26 U 25 27 9 26
  27 A 26 28 8 27
  28 G 27 29 7 28
  29 G 28 30 0 29