   39 Energy = 0   1AM0
   1 G 0 2 0 1
   2 U 1 3 0 2
   3 U 2 4 0 3
   4 G 3 5 35 4
   5 G 4 6 11 5
   6 G 5 7 41 6
   7 A 6 8 0 7
   8 A 7 9 0 8
   9 G 8 10 7 9
  10 A 9 11 17 10
  11 A 10 12 0 11
  12 A 11 13 0 12
  13 C 12 14 0 13
  14 U 13 15 0 14
  15 G 14 16 12 15
  16 U 15 17 33 16
  17 G 16 18 0 17
  18 G 17 19 0 18
  19 C 18 20 0 19
  20 A 19 21 0 20
  21 C 20 22 0 21
  22 U 21 23 0 22
  23 U 22 24 0 23
  24 C 23 25 0 24
  25 G 24 26 0 25
  26 G 25 27 0 26
  27 U 26 28 0 27
  28 G 27 29 0 28
  29 C 28 30 0 29
  30 C 29 31 0 30
  31 A 30 32 18 31
  32 G 31 33 0 32
  33 C 32 34 6 33
  34 A 33 35 0 34
  35 A 34 36 0 35
  36 C 35 37 0 36
  37 C 36 38 0 37
  38 C 37 39 0 38
  39 a 38 40 8 39