   27 Energy = 0   RF01785_D00647.1_1812-1838
   1 G 0 2 0 1
   2 G 1 3 19 2
   3 G 2 4 18 3
   4 G 3 5 17 4
   5 G 4 6 16 5
   6 G 5 7 15 6
   7 A 6 8 0 7
   8 C 7 9 0 8
   9 C 8 10 0 9
  10 U 9 11 0 10
  11 A 10 12 0 11
  12 G 11 13 27 12
  13 C 12 14 26 13
  14 G 13 15 25 14
  15 C 14 16 6 15
  16 C 15 17 5 16
  17 C 16 18 4 17
  18 C 17 19 3 18
  19 C 18 20 2 19
  20 C 19 21 0 20
  21 A 20 22 0 21
  22 A 21 23 0 22
  23 A 22 24 0 23
  24 U 23 25 0 24
  25 C 24 26 14 25
  26 A 25 27 13 26
  27 U 26 28 12 27